  10.0000        651
  10.0195        749
  10.0390        689
  10.0584        754
  10.0779        680
  10.0974        748
  10.1169        675
  10.1363        638
  10.1558        702
  10.1753        665
  10.1948        661
  10.2142        724
  10.2337        714
  10.2532        691
  10.2727        684
  10.2921        697
  10.3116        654
  10.3311        678
  10.3506        685
  10.3700        758
  10.3895        631
  10.4090        601
  10.4285        693
  10.4479        659
  10.4674        698
  10.4869        675
  10.5064        698
  10.5258        664
  10.5453        695
  10.5648        675
  10.5843        650
  10.6037        702
  10.6232        644
  10.6427        663
  10.6622        631
  10.6816        689
  10.7011        640
  10.7206        630
  10.7401        660
  10.7595        680
  10.7790        714
  10.7985        681
  10.8180        691
  10.8374        651
  10.8569        640
  10.8764        701
  10.8959        678
  10.9153        658
  10.9348        612
  10.9543        671
  10.9738        705
  10.9932        653
  11.0127        652
  11.0322        662
  11.0517        627
  11.0711        684
  11.0906        653
  11.1101        642
  11.1296        691
  11.1490        667
  11.1685        641
  11.1880        679
  11.2075        645
  11.2270        660
  11.2464        654
  11.2659        628
  11.2854        649
  11.3049        652
  11.3243        605
  11.3438        636
  11.3633        659
  11.3828        711
  11.4022        647
  11.4217        674
  11.4412        649
  11.4607        672
  11.4801        637
  11.4996        699
  11.5191        625
  11.5386        661
  11.5580        661
  11.5775        648
  11.5970        603
  11.6165        665
  11.6359        641
  11.6554        688
  11.6749        662
  11.6944        623
  11.7138        630
  11.7333        646
  11.7528        646
  11.7723        627
  11.7917        653
  11.8112        695
  11.8307        643
  11.8502        692
  11.8696        628
  11.8891        635
  11.9086        611
  11.9281        630
  11.9475        620
  11.9670        619
  11.9865        599
  12.0060        645
  12.0254        632
  12.0449        635
  12.0644        621
  12.0839        637
  12.1033        597
  12.1228        645
  12.1423        640
  12.1618        648
  12.1812        628
  12.2007        648
  12.2202        631
  12.2397        649
  12.2591        610
  12.2786        629
  12.2981        617
  12.3176        624
  12.3370        638
  12.3565        660
  12.3760        599
  12.3955        617
  12.4149        637
  12.4344        652
  12.4539        605
  12.4734        585
  12.4929        623
  12.5123        643
  12.5318        618
  12.5513        643
  12.5708        630
  12.5902        617
  12.6097        628
  12.6292        636
  12.6487        610
  12.6681        618
  12.6876        591
  12.7071        604
  12.7266        644
  12.7460        607
  12.7655        630
  12.7850        561
  12.8045        591
  12.8239        560
  12.8434        647
  12.8629        592
  12.8824        619
  12.9018        615
  12.9213        595
  12.9408        601
  12.9603        592
  12.9797        563
  12.9992        585
  13.0187        581
  13.0382        562
  13.0576        590
  13.0771        571
  13.0966        580
  13.1161        556
  13.1355        575
  13.1550        609
  13.1745        595
  13.1940        590
  13.2134        587
  13.2329        599
  13.2524        549
  13.2719        606
  13.2913        598
  13.3108        585
  13.3303        609
  13.3498        627
  13.3692        588
  13.3887        545
  13.4082        529
  13.4277        587
  13.4471        584
  13.4666        606
  13.4861        580
  13.5056        582
  13.5250        552
  13.5445        513
  13.5640        549
  13.5835        540
  13.6029        574
  13.6224        556
  13.6419        523
  13.6614        538
  13.6809        541
  13.7003        526
  13.7198        549
  13.7393        543
  13.7588        601
  13.7782        606
  13.7977        579
  13.8172        543
  13.8367        562
  13.8561        558
  13.8756        587
  13.8951        556
  13.9146        585
  13.9340        615
  13.9535        578
  13.9730        585
  13.9925        572
  14.0119        546
  14.0314        551
  14.0509        518
  14.0704        564
  14.0898        562
  14.1093        546
  14.1288        554
  14.1483        590
  14.1677        620
  14.1872        552
  14.2067        542
  14.2262        566
  14.2456        543
  14.2651        525
  14.2846        572
  14.3041        572
  14.3235        540
  14.3430        511
  14.3625        542
  14.3820        561
  14.4014        595
  14.4209        527
  14.4404        578
  14.4599        545
  14.4793        507
  14.4988        522
  14.5183        536
  14.5378        570
  14.5572        514
  14.5767        554
  14.5962        545
  14.6157        537
  14.6351        518
  14.6546        545
  14.6741        572
  14.6936        527
  14.7130        520
  14.7325        514
  14.7520        511
  14.7715        515
  14.7909        497
  14.8104        543
  14.8299        514
  14.8494        543
  14.8689        540
  14.8883        538
  14.9078        547
  14.9273        522
  14.9468        514
  14.9662        561
  14.9857        541
  15.0052        513
  15.0247        533
  15.0441        518
  15.0636        506
  15.0831        523
  15.1026        473
  15.1220        512
  15.1415        510
  15.1610        532
  15.1805        523
  15.1999        525
  15.2194        520
  15.2389        506
  15.2584        492
  15.2778        503
  15.2973        545
  15.3168        486
  15.3363        482
  15.3557        473
  15.3752        484
  15.3947        488
  15.4142        462
  15.4336        545
  15.4531        509
  15.4726        521
  15.4921        547
  15.5115        519
  15.5310        450
  15.5505        504
  15.5700        471
  15.5894        507
  15.6089        504
  15.6284        481
  15.6479        527
  15.6673        512
  15.6868        523
  15.7063        486
  15.7258        502
  15.7452        505
  15.7647        486
  15.7842        475
  15.8037        507
  15.8231        478
  15.8426        470
  15.8621        535
  15.8816        514
  15.9010        486
  15.9205        496
  15.9400        512
  15.9595        547
  15.9789        474
  15.9984        504
  16.0179        477
  16.0374        489
  16.0568        478
  16.0763        508
  16.0958        499
  16.1153        515
  16.1348        482
  16.1542        461
  16.1737        483
  16.1932        519
  16.2127        512
  16.2321        514
  16.2516        477
  16.2711        511
  16.2906        500
  16.3100        519
  16.3295        480
  16.3490        510
  16.3685        510
  16.3879        478
  16.4074        471
  16.4269        464
  16.4464        481
  16.4658        506
  16.4853        459
  16.5048        439
  16.5243        502
  16.5437        512
  16.5632        506
  16.5827        502
  16.6022        530
  16.6216        498
  16.6411        490
  16.6606        476
  16.6801        476
  16.6995        491
  16.7190        475
  16.7385        476
  16.7580        491
  16.7774        477
  16.7969        489
  16.8164        463
  16.8359        459
  16.8553        474
  16.8748        440
  16.8943        490
  16.9138        457
  16.9332        478
  16.9527        454
  16.9722        466
  16.9917        464
  17.0111        479
  17.0306        478
  17.0501        491
  17.0696        468
  17.0890        498
  17.1085        466
  17.1280        489
  17.1475        504
  17.1669        439
  17.1864        440
  17.2059        430
  17.2254        466
  17.2448        450
  17.2643        468
  17.2838        440
  17.3033        441
  17.3228        453
  17.3422        472
  17.3617        491
  17.3812        466
  17.4007        462
  17.4201        423
  17.4396        459
  17.4591        426
  17.4786        410
  17.4980        456
  17.5175        457
  17.5370        496
  17.5565        465
  17.5759        465
  17.5954        500
  17.6149        461
  17.6344        414
  17.6538        460
  17.6733        458
  17.6928        463
  17.7123        419
  17.7317        429
  17.7512        447
  17.7707        467
  17.7902        491
  17.8096        402
  17.8291        454
  17.8486        450
  17.8681        434
  17.8875        503
  17.9070        427
  17.9265        484
  17.9460        460
  17.9654        437
  17.9849        441
  18.0044        449
  18.0239        432
  18.0433        418
  18.0628        471
  18.0823        469
  18.1018        430
  18.1212        458
  18.1407        464
  18.1602        457
  18.1797        426
  18.1991        423
  18.2186        427
  18.2381        402
  18.2576        470
  18.2770        492
  18.2965        457
  18.3160        421
  18.3355        464
  18.3549        427
  18.3744        447
  18.3939        469
  18.4134        453
  18.4328        428
  18.4523        462
  18.4718        416
  18.4913        436
  18.5107        423
  18.5302        469
  18.5497        421
  18.5692        459
  18.5887        456
  18.6081        457
  18.6276        425
  18.6471        432
  18.6666        427
  18.6860        447
  18.7055        418
  18.7250        442
  18.7445        486
  18.7639        433
  18.7834        455
  18.8029        457
  18.8224        455
  18.8418        441
  18.8613        465
  18.8808        421
  18.9003        451
  18.9197        442
  18.9392        414
  18.9587        406
  18.9782        425
  18.9976        442
  19.0171        407
  19.0366        427
  19.0561        407
  19.0755        436
  19.0950        429
  19.1145        401
  19.1340        461
  19.1534        427
  19.1729        411
  19.1924        428
  19.2119        412
  19.2313        415
  19.2508        399
  19.2703        409
  19.2898        406
  19.3092        408
  19.3287        459
  19.3482        428
  19.3677        399
  19.3871        384
  19.4066        415
  19.4261        400
  19.4456        436
  19.4650        446
  19.4845        438
  19.5040        430
  19.5235        391
  19.5429        415
  19.5624        416
  19.5819        414
  19.6014        449
  19.6208        461
  19.6403        403
  19.6598        418
  19.6793        396
  19.6987        432
  19.7182        430
  19.7377        402
  19.7572        435
  19.7767        404
  19.7961        436
  19.8156        414
  19.8351        425
  19.8546        447
  19.8740        430
  19.8935        400
  19.9130        442
  19.9325        404
  19.9519        417
  19.9714        430
  19.9909        445
  20.0104        430
  20.0298        426
  20.0493        406
  20.0688        392
  20.0883        418
  20.1077        411
  20.1272        445
  20.1467        421
  20.1662        413
  20.1856        446
  20.2051        419
  20.2246        438
  20.2441        432
  20.2635        434
  20.2830        435
  20.3025        466
  20.3220        420
  20.3414        471
  20.3609        456
  20.3804        419
  20.3999        431
  20.4193        439
  20.4388        495
  20.4583        448
  20.4778        482
  20.4972        448
  20.5167        467
  20.5362        494
  20.5557        527
  20.5751        545
  20.5946        507
  20.6141        580
  20.6336        554
  20.6530        551
  20.6725        667
  20.6920        668
  20.7115        740
  20.7309        918
  20.7504       1105
  20.7699       1395
  20.7894       1795
  20.8088       2398
  20.8283       3221
  20.8478       4047
  20.8673       4366
  20.8867       3949
  20.9062       2998
  20.9257       2304
  20.9452       1674
  20.9647       1022
  20.9841        806
  21.0036        673
  21.0231        585
  21.0426        548
  21.0620        529
  21.0815        524
  21.1010        473
  21.1205        490
  21.1399        466
  21.1594        451
  21.1789        438
  21.1984        460
  21.2178        437
  21.2373        452
  21.2568        461
  21.2763        423
  21.2957        400
  21.3152        423
  21.3347        413
  21.3542        411
  21.3736        385
  21.3931        385
  21.4126        387
  21.4321        447
  21.4515        404
  21.4710        373
  21.4905        382
  21.5100        408
  21.5294        391
  21.5489        376
  21.5684        392
  21.5879        422
  21.6073        390
  21.6268        382
  21.6463        371
  21.6658        386
  21.6852        368
  21.7047        400
  21.7242        382
  21.7437        360
  21.7631        373
  21.7826        376
  21.8021        345
  21.8216        355
  21.8410        359
  21.8605        352
  21.8800        411
  21.8995        346
  21.9189        370
  21.9384        364
  21.9579        402
  21.9774        381
  21.9968        340
  22.0163        367
  22.0358        394
  22.0553        382
  22.0747        368
  22.0942        377
  22.1137        361
  22.1332        414
  22.1526        360
  22.1721        386
  22.1916        393
  22.2111        407
  22.2306        381
  22.2500        393
  22.2695        387
  22.2890        369
  22.3085        339
  22.3279        367
  22.3474        380
  22.3669        379
  22.3864        396
  22.4058        341
  22.4253        395
  22.4448        391
  22.4643        359
  22.4837        362
  22.5032        370
  22.5227        352
  22.5422        345
  22.5616        344
  22.5811        339
  22.6006        365
  22.6201        337
  22.6395        340
  22.6590        387
  22.6785        366
  22.6980        332
  22.7174        344
  22.7369        350
  22.7564        377
  22.7759        365
  22.7953        366
  22.8148        364
  22.8343        301
  22.8538        368
  22.8732        365
  22.8927        370
  22.9122        350
  22.9317        375
  22.9511        340
  22.9706        343
  22.9901        340
  23.0096        327
  23.0290        340
  23.0485        316
  23.0680        340
  23.0875        333
  23.1069        337
  23.1264        343
  23.1459        307
  23.1654        332
  23.1848        399
  23.2043        335
  23.2238        327
  23.2433        341
  23.2627        349
  23.2822        360
  23.3017        318
  23.3212        345
  23.3406        335
  23.3601        330
  23.3796        341
  23.3991        329
  23.4186        360
  23.4380        338
  23.4575        317
  23.4770        338
  23.4965        331
  23.5159        336
  23.5354        358
  23.5549        320
  23.5744        321
  23.5938        353
  23.6133        363
  23.6328        363
  23.6523        322
  23.6717        345
  23.6912        300
  23.7107        340
  23.7302        346
  23.7496        334
  23.7691        338
  23.7886        349
  23.8081        362
  23.8275        324
  23.8470        322
  23.8665        330
  23.8860        315
  23.9054        327
  23.9249        361
  23.9444        380
  23.9639        360
  23.9833        374
  24.0028        400
  24.0223        352
  24.0418        373
  24.0612        353
  24.0807        338
  24.1002        326
  24.1197        339
  24.1391        340
  24.1586        343
  24.1781        328
  24.1976        350
  24.2170        321
  24.2365        314
  24.2560        353
  24.2755        293
  24.2949        299
  24.3144        344
  24.3339        294
  24.3534        319
  24.3728        362
  24.3923        319
  24.4118        321
  24.4313        300
  24.4507        329
  24.4702        319
  24.4897        317
  24.5092        314
  24.5286        307
  24.5481        305
  24.5676        335
  24.5871        317
  24.6065        291
  24.6260        331
  24.6455        318
  24.6650        320
  24.6845        332
  24.7039        311
  24.7234        293
  24.7429        299
  24.7624        322
  24.7818        309
  24.8013        310
  24.8208        326
  24.8403        305
  24.8597        304
  24.8792        280
  24.8987        277
  24.9182        328
  24.9376        276
  24.9571        306
  24.9766        282
  24.9961        313
  25.0155        300
  25.0350        312
  25.0545        305
  25.0740        283
  25.0934        319
  25.1129        277
  25.1324        307
  25.1519        307
  25.1713        282
  25.1908        305
  25.2103        309
  25.2298        293
  25.2492        307
  25.2687        303
  25.2882        338
  25.3077        311
  25.3271        296
  25.3466        308
  25.3661        291
  25.3856        304
  25.4050        302
  25.4245        267
  25.4440        301
  25.4635        304
  25.4829        328
  25.5024        302
  25.5219        321
  25.5414        318
  25.5608        312
  25.5803        325
  25.5998        308
  25.6193        326
  25.6387        324
  25.6582        307
  25.6777        333
  25.6972        344
  25.7166        353
  25.7361        356
  25.7556        396
  25.7751        398
  25.7945        401
  25.8140        366
  25.8335        406
  25.8530        389
  25.8725        414
  25.8919        433
  25.9114        420
  25.9309        421
  25.9504        404
  25.9698        466
  25.9893        429
  26.0088        454
  26.0283        442
  26.0477        487
  26.0672        434
  26.0867        474
  26.1062        463
  26.1256        482
  26.1451        514
  26.1646        531
  26.1841        514
  26.2035        539
  26.2230        584
  26.2425        588
  26.2620        673
  26.2814        701
  26.3009        719
  26.3204        813
  26.3399        809
  26.3593        980
  26.3788       1063
  26.3983       1224
  26.4178       1275
  26.4372       1434
  26.4567       1669
  26.4762       1970
  26.4957       2454
  26.5151       3082
  26.5346       3988
  26.5541       5517
  26.5736       7812
  26.5930      10821
  26.6125      13839
  26.6320      16657
  26.6515      17665
  26.6709      14863
  26.6904      10998
  26.7099       9595
  26.7294       7610
  26.7488       4760
  26.7683       2813
  26.7878       2033
  26.8073       1593
  26.8267       1354
  26.8462       1218
  26.8657        987
  26.8852        846
  26.9046        787
  26.9241        716
  26.9436        659
  26.9631        575
  26.9825        610
  27.0020        537
  27.0215        561
  27.0410        480
  27.0605        468
  27.0799        465
  27.0994        436
  27.1189        462
  27.1384        421
  27.1578        414
  27.1773        457
  27.1968        413
  27.2163        390
  27.2357        371
  27.2552        386
  27.2747        358
  27.2942        356
  27.3136        360
  27.3331        363
  27.3526        351
  27.3721        385
  27.3915        354
  27.4110        321
  27.4305        321
  27.4500        319
  27.4694        314
  27.4889        301
  27.5084        310
  27.5279        336
  27.5473        319
  27.5668        288
  27.5863        294
  27.6058        314
  27.6252        289
  27.6447        348
  27.6642        296
  27.6837        293
  27.7031        283
  27.7226        276
  27.7421        299
  27.7616        281
  27.7810        275
  27.8005        260
  27.8200        284
  27.8395        284
  27.8589        267
  27.8784        321
  27.8979        327
  27.9174        292
  27.9368        277
  27.9563        284
  27.9758        272
  27.9953        277
  28.0147        282
  28.0342        285
  28.0537        294
  28.0732        234
  28.0926        255
  28.1121        306
  28.1316        273
  28.1511        275
  28.1705        272
  28.1900        264
  28.2095        294
  28.2290        296
  28.2484        256
  28.2679        247
  28.2874        273
  28.3069        270
  28.3264        262
  28.3458        287
  28.3653        261
  28.3848        255
  28.4043        283
  28.4237        259
  28.4432        234
  28.4627        268
  28.4822        254
  28.5016        289
  28.5211        252
  28.5406        238
  28.5601        276
  28.5795        264
  28.5990        255
  28.6185        249
  28.6380        261
  28.6574        254
  28.6769        260
  28.6964        245
  28.7159        265
  28.7353        235
  28.7548        251
  28.7743        252
  28.7938        233
  28.8132        247
  28.8327        266
  28.8522        254
  28.8717        240
  28.8911        274
  28.9106        258
  28.9301        285
  28.9496        269
  28.9690        258
  28.9885        233
  29.0080        244
  29.0275        241
  29.0469        231
  29.0664        261
  29.0859        268
  29.1054        243
  29.1248        235
  29.1443        240
  29.1638        229
  29.1833        261
  29.2027        232
  29.2222        248
  29.2417        241
  29.2612        231
  29.2806        230
  29.3001        238
  29.3196        239
  29.3391        242
  29.3585        237
  29.3780        247
  29.3975        220
  29.4170        277
  29.4364        229
  29.4559        236
  29.4754        262
  29.4949        227
  29.5144        245
  29.5338        242
  29.5533        217
  29.5728        245
  29.5923        249
  29.6117        240
  29.6312        220
  29.6507        243
  29.6702        236
  29.6896        221
  29.7091        224
  29.7286        230
  29.7481        212
  29.7675        267
  29.7870        225
  29.8065        238
  29.8260        259
  29.8454        255
  29.8649        264
  29.8844        267
  29.9039        220
  29.9233        205
  29.9428        250
  29.9623        226
  29.9818        255
  30.0012        229
  30.0207        252
  30.0402        270
  30.0597        244
  30.0791        242
  30.0986        249
  30.1181        258
  30.1376        250
  30.1570        292
  30.1765        235
  30.1960        225
  30.2155        257
  30.2349        247
  30.2544        255
  30.2739        234
  30.2934        243
  30.3128        246
  30.3323        245
  30.3518        267
  30.3713        240
  30.3907        240
  30.4102        242
  30.4297        240
  30.4492        203
  30.4686        211
  30.4881        232
  30.5076        252
  30.5271        252
  30.5465        247
  30.5660        230
  30.5855        228
  30.6050        213
  30.6244        216
  30.6439        230
  30.6634        219
  30.6829        225
  30.7024        254
  30.7218        234
  30.7413        218
  30.7608        180
  30.7803        238
  30.7997        176
  30.8192        232
  30.8387        225
  30.8582        211
  30.8776        200
  30.8971        203
  30.9166        204
  30.9361        215
  30.9555        202
  30.9750        182
  30.9945        202
  31.0140        194
  31.0334        190
  31.0529        188
  31.0724        173
  31.0919        209
  31.1113        199
  31.1308        215
  31.1503        218
  31.1698        208
  31.1892        218
  31.2087        236
  31.2282        218
  31.2477        207
  31.2671        235
  31.2866        197
  31.3061        201
  31.3256        182
  31.3450        202
  31.3645        204
  31.3840        186
  31.4035        174
  31.4229        199
  31.4424        196
  31.4619        193
  31.4814        194
  31.5008        197
  31.5203        172
  31.5398        194
  31.5593        191
  31.5787        176
  31.5982        189
  31.6177        187
  31.6372        196
  31.6566        202
  31.6761        178
  31.6956        191
  31.7151        174
  31.7345        183
  31.7540        196
  31.7735        197
  31.7930        208
  31.8124        232
  31.8319        196
  31.8514        214
  31.8709        167
  31.8903        206
  31.9098        167
  31.9293        178
  31.9488        200
  31.9683        203
  31.9877        182
  32.0072        170
  32.0267        178
  32.0462        181
  32.0656        179
  32.0851        165
  32.1046        181
  32.1241        180
  32.1435        197
  32.1630        188
  32.1825        193
  32.2020        182
  32.2214        187
  32.2409        216
  32.2604        179
  32.2799        185
  32.2993        177
  32.3188        191
  32.3383        157
  32.3578        170
  32.3772        187
  32.3967        164
  32.4162        163
  32.4357        189
  32.4551        175
  32.4746        192
  32.4941        197
  32.5136        164
  32.5330        177
  32.5525        181
  32.5720        169
  32.5915        189
  32.6109        177
  32.6304        177
  32.6499        159
  32.6694        179
  32.6888        139
  32.7083        183
  32.7278        173
  32.7473        174
  32.7667        178
  32.7862        178
  32.8057        144
  32.8252        197
  32.8446        198
  32.8641        170
  32.8836        163
  32.9031        175
  32.9225        169
  32.9420        166
  32.9615        165
  32.9810        133
  33.0004        161
  33.0199        183
  33.0394        168
  33.0589        156
  33.0783        168
  33.0978        166
  33.1173        172
  33.1368        165
  33.1563        195
  33.1757        167
  33.1952        177
  33.2147        162
  33.2342        183
  33.2536        159
  33.2731        156
  33.2926        167
  33.3121        156
  33.3315        187
  33.3510        158
  33.3705        179
  33.3900        179
  33.4094        155
  33.4289        185
  33.4484        147
  33.4679        177
  33.4873        186
  33.5068        148
  33.5263        166
  33.5458        168
  33.5652        150
  33.5847        146
  33.6042        157
  33.6237        168
  33.6431        164
  33.6626        175
  33.6821        158
  33.7016        164
  33.7210        171
  33.7405        175
  33.7600        157
  33.7795        149
  33.7989        165
  33.8184        154
  33.8379        171
  33.8574        174
  33.8768        133
  33.8963        144
  33.9158        151
  33.9353        156
  33.9547        184
  33.9742        153
  33.9937        149
  34.0132        153
  34.0326        168
  34.0521        174
  34.0716        145
  34.0911        168
  34.1105        176
  34.1300        156
  34.1495        172
  34.1690        165
  34.1884        166
  34.2079        163
  34.2274        145
  34.2469        154
  34.2663        158
  34.2858        174
  34.3053        173
  34.3248        147
  34.3443        163
  34.3637        149
  34.3832        147
  34.4027        156
  34.4222        163
  34.4416        142
  34.4611        158
  34.4806        171
  34.5001        169
  34.5195        156
  34.5390        151
  34.5585        167
  34.5780        169
  34.5974        142
  34.6169        164
  34.6364        167
  34.6559        176
  34.6753        138
  34.6948        163
  34.7143        179
  34.7338        164
  34.7532        158
  34.7727        148
  34.7922        170
  34.8117        160
  34.8311        173
  34.8506        174
  34.8701        165
  34.8896        164
  34.9090        160
  34.9285        181
  34.9480        166
  34.9675        160
  34.9869        158
  35.0064        155
  35.0259        144
  35.0454        155
  35.0648        191
  35.0843        153
  35.1038        148
  35.1233        170
  35.1427        173
  35.1622        182
  35.1817        158
  35.2012        145
  35.2206        146
  35.2401        142
  35.2596        169
  35.2791        146
  35.2985        183
  35.3180        165
  35.3375        166
  35.3570        150
  35.3764        165
  35.3959        193
  35.4154        164
  35.4349        154
  35.4543        154
  35.4738        174
  35.4933        178
  35.5128        175
  35.5322        176
  35.5517        174
  35.5712        173
  35.5907        151
  35.6102        149
  35.6296        148
  35.6491        161
  35.6686        151
  35.6881        152
  35.7075        152
  35.7270        140
  35.7465        154
  35.7660        142
  35.7854        197
  35.8049        159
  35.8244        148
  35.8439        180
  35.8633        156
  35.8828        150
  35.9023        172
  35.9218        162
  35.9412        142
  35.9607        146
  35.9802        173
  35.9997        154
  36.0191        162
  36.0386        150
  36.0581        143
  36.0776        163
  36.0970        159
  36.1165        177
  36.1360        172
  36.1555        177
  36.1749        155
  36.1944        172
  36.2139        170
  36.2334        198
  36.2528        183
  36.2723        194
  36.2918        201
  36.3113        215
  36.3307        219
  36.3502        242
  36.3697        257
  36.3892        319
  36.4086        306
  36.4281        360
  36.4476        435
  36.4671        571
  36.4865        751
  36.5060        906
  36.5255       1074
  36.5450       1156
  36.5644       1105
  36.5839        847
  36.6034        733
  36.6229        702
  36.6423        714
  36.6618        571
  36.6813        410
  36.7008        305
  36.7202        245
  36.7397        213
  36.7592        211
  36.7787        205
  36.7982        180
  36.8176        169
  36.8371        187
  36.8566        177
  36.8761        154
  36.8955        181
  36.9150        175
  36.9345        152
  36.9540        161
  36.9734        152
  36.9929        149
  37.0124        140
  37.0319        131
  37.0513        159
  37.0708        176
  37.0903        130
  37.1098        153
  37.1292        145
  37.1487        149
  37.1682        142
  37.1877        148
  37.2071        157
  37.2266        133
  37.2461        142
  37.2656        136
  37.2850        156
  37.3045        116
  37.3240        135
  37.3435        136
  37.3629        149
  37.3824        169
  37.4019        149
  37.4214        141
  37.4408        152
  37.4603        151
  37.4798        137
  37.4993        158
  37.5187        148
  37.5382        143
  37.5577        144
  37.5772        134
  37.5966        150
  37.6161        121
  37.6356        140
  37.6551        145
  37.6745        135
  37.6940        120
  37.7135        117
  37.7330        152
  37.7524        134
  37.7719        126
  37.7914        116
  37.8109        122
  37.8303        124
  37.8498        140
  37.8693        130
  37.8888        162
  37.9082        157
  37.9277        135
  37.9472        140
  37.9667        126
  37.9861        119
  38.0056        128
  38.0251        146
  38.0446        143
  38.0641        158
  38.0835        133
  38.1030        152
  38.1225        159
  38.1420        130
  38.1614        124
  38.1809        134
  38.2004        124
  38.2199        152
  38.2393        158
  38.2588        112
  38.2783        153
  38.2978        125
  38.3172        136
  38.3367        140
  38.3562        125
  38.3757        111
  38.3951        144
  38.4146        124
  38.4341        138
  38.4536        116
  38.4730        116
  38.4925        132
  38.5120        139
  38.5315        122
  38.5509        151
  38.5704        114
  38.5899        128
  38.6094        121
  38.6288        136
  38.6483        123
  38.6678        166
  38.6873        145
  38.7067        127
  38.7262        125
  38.7457        137
  38.7652        120
  38.7846        153
  38.8041        149
  38.8236        128
  38.8431        120
  38.8625        133
  38.8820        147
  38.9015        129
  38.9210        143
  38.9404        132
  38.9599        132
  38.9794        134
  38.9989        153
  39.0183        140
  39.0378        141
  39.0573        168
  39.0768        142
  39.0962        131
  39.1157        168
  39.1352        177
  39.1547        166
  39.1741        170
  39.1936        183
  39.2131        189
  39.2326        207
  39.2521        221
  39.2715        241
  39.2910        258
  39.3105        255
  39.3300        317
  39.3494        360
  39.3689        413
  39.3884        558
  39.4079        774
  39.4273        860
  39.4468       1063
  39.4663       1157
  39.4858       1015
  39.5052        731
  39.5247        594
  39.5442        662
  39.5637        717
  39.5831        655
  39.6026        462
  39.6221        330
  39.6416        253
  39.6610        220
  39.6805        208
  39.7000        218
  39.7195        179
  39.7389        188
  39.7584        172
  39.7779        169
  39.7974        143
  39.8168        161
  39.8363        142
  39.8558        154
  39.8753        167
  39.8947        156
  39.9142        165
  39.9337        149
  39.9532        164
  39.9726        182
  39.9921        146
  40.0116        137
  40.0311        154
  40.0505        175
  40.0700        182
  40.0895        169
  40.1090        175
  40.1284        196
  40.1479        244
  40.1674        242
  40.1869        255
  40.2063        324
  40.2258        395
  40.2453        415
  40.2648        543
  40.2842        615
  40.3037        574
  40.3232        479
  40.3427        397
  40.3621        378
  40.3816        389
  40.4011        304
  40.4206        282
  40.4401        234
  40.4595        202
  40.4790        183
  40.4985        166
  40.5180        156
  40.5374        157
  40.5569        138
  40.5764        133
  40.5959        135
  40.6153        140
  40.6348        122
  40.6543        138
  40.6738        138
  40.6932        135
  40.7127        128
  40.7322        107
  40.7517        147
  40.7711        125
  40.7906        113
  40.8101        116
  40.8296        142
  40.8490        148
  40.8685        126
  40.8880        132
  40.9075        115
  40.9269        124
  40.9464        127
  40.9659        139
  40.9854        120
  41.0048        132
  41.0243        131
  41.0438        118
  41.0633        125
  41.0827        102
  41.1022        129
  41.1217        105
  41.1412        122
  41.1606        142
  41.1801        147
  41.1996        134
  41.2191        115
  41.2385        114
  41.2580        131
  41.2775        117
  41.2970        118
  41.3164        117
  41.3359        140
  41.3554        119
  41.3749        109
  41.3943        108
  41.4138        120
  41.4333        101
  41.4528        133
  41.4722        134
  41.4917        127
  41.5112        120
  41.5307        130
  41.5501        123
  41.5696        132
  41.5891        126
  41.6086        145
  41.6280        135
  41.6475        123
  41.6670        110
  41.6865        124
  41.7060        146
  41.7254        122
  41.7449        122
  41.7644        131
  41.7839        127
  41.8033        116
  41.8228        115
  41.8423        103
  41.8618        137
  41.8812        111
  41.9007        122
  41.9202        151
  41.9397        122
  41.9591        115
  41.9786        115
  41.9981        151
  42.0176        135
  42.0370        135
  42.0565        139
  42.0760        130
  42.0955        142
  42.1149        146
  42.1344        151
  42.1539        168
  42.1734        149
  42.1928        160
  42.2123        152
  42.2318        163
  42.2513        201
  42.2707        202
  42.2902        223
  42.3097        271
  42.3292        275
  42.3486        325
  42.3681        395
  42.3876        519
  42.4071        644
  42.4265        710
  42.4460        784
  42.4655        762
  42.4850        616
  42.5044        498
  42.5239        491
  42.5434        465
  42.5629        473
  42.5823        381
  42.6018        303
  42.6213        219
  42.6408        174
  42.6602        150
  42.6797        179
  42.6992        140
  42.7187        155
  42.7381        129
  42.7576        132
  42.7771        143
  42.7966        119
  42.8160        110
  42.8355        128
  42.8550        123
  42.8745        143
  42.8940        108
  42.9134        137
  42.9329        132
  42.9524        129
  42.9719        104
  42.9913         91
  43.0108        110
  43.0303        134
  43.0498        123
  43.0692        101
  43.0887        118
  43.1082        121
  43.1277        121
  43.1471        106
  43.1666        126
  43.1861        128
  43.2056        114
  43.2250        118
  43.2445        127
  43.2640        101
  43.2835        107
  43.3029        119
  43.3224        113
  43.3419        135
  43.3614        128
  43.3808        114
  43.4003        113
  43.4198        120
  43.4393        110
  43.4587        107
  43.4782        107
  43.4977         85
  43.5172         90
  43.5366        120
  43.5561        117
  43.5756        108
  43.5951        123
  43.6145        122
  43.6340        109
  43.6535        108
  43.6730        100
  43.6924         94
  43.7119        106
  43.7314        109
  43.7509         87
  43.7703         98
  43.7898        105
  43.8093        107
  43.8288         95
  43.8482        111
  43.8677        114
  43.8872        103
  43.9067        117
  43.9261        114
  43.9456        107
  43.9651        102
  43.9846        116
  44.0040        102
  44.0235        118
  44.0430        110
  44.0625        123
  44.0819        101
  44.1014        112
  44.1209         94
  44.1404         94
  44.1599         87
  44.1793        115
  44.1988        126
  44.2183        108
  44.2378        103
  44.2572         97
  44.2767         94
  44.2962         98
  44.3157        100
  44.3351         92
  44.3546         93
  44.3741         97
  44.3936         99
  44.4130        103
  44.4325        100
  44.4520        112
  44.4715        154
  44.4909        112
  44.5104        105
  44.5299         99
  44.5494        105
  44.5688        128
  44.5883        115
  44.6078        102
  44.6273        108
  44.6467        102
  44.6662         83
  44.6857        103
  44.7052        103
  44.7246        113
  44.7441        101
  44.7636        121
  44.7831        110
  44.8025        107
  44.8220        107
  44.8415         98
  44.8610        106
  44.8804        108
  44.8999        120
  44.9194         99
  44.9389         94
  44.9583        108
  44.9778        112
  44.9973        117
  45.0168        112
  45.0362         96
  45.0557        124
  45.0752        130
  45.0947        110
  45.1141         92
  45.1336         94
  45.1531        126
  45.1726        122
  45.1920         96
  45.2115        102
  45.2310        112
  45.2505        107
  45.2699         98
  45.2894        123
  45.3089        108
  45.3284        109
  45.3479         94
  45.3673        116
  45.3868         99
  45.4063        102
  45.4258        117
  45.4452        119
  45.4647        113
  45.4842        140
  45.5037        127
  45.5231        125
  45.5426        146
  45.5621        153
  45.5816        152
  45.6010        158
  45.6205        151
  45.6400        193
  45.6595        228
  45.6789        272
  45.6984        254
  45.7179        354
  45.7374        380
  45.7568        493
  45.7763        563
  45.7958        549
  45.8153        470
  45.8347        391
  45.8542        347
  45.8737        329
  45.8932        298
  45.9126        316
  45.9321        287
  45.9516        249
  45.9711        180
  45.9905        150
  46.0100        160
  46.0295        133
  46.0490        139
  46.0684        116
  46.0879        107
  46.1074         97
  46.1269        115
  46.1463        123
  46.1658         95
  46.1853        125
  46.2048        123
  46.2242         86
  46.2437        107
  46.2632         92
  46.2827        107
  46.3021         98
  46.3216         96
  46.3411        108
  46.3606         87
  46.3800         95
  46.3995         97
  46.4190         99
  46.4385        109
  46.4579         99
  46.4774         96
  46.4969         95
  46.5164        105
  46.5359        101
  46.5553         85
  46.5748        112
  46.5943         93
  46.6138         98
  46.6332        108
  46.6527         81
  46.6722        103
  46.6917         92
  46.7111         87
  46.7306         90
  46.7501        106
  46.7696        104
  46.7890        107
  46.8085         90
  46.8280        102
  46.8475         90
  46.8669        106
  46.8864         90
  46.9059         91
  46.9254         93
  46.9448         78
  46.9643        109
  46.9838         81
  47.0033         88
  47.0227        108
  47.0422         97
  47.0617         98
  47.0812         91
  47.1006        119
  47.1201         91
  47.1396         83
  47.1591         96
  47.1785         85
  47.1980        111
  47.2175         92
  47.2370        101
  47.2564        104
  47.2759        107
  47.2954         83
  47.3149         89
  47.3343         71
  47.3538         84
  47.3733         94
  47.3928         97
  47.4122         88
  47.4317        100
  47.4512         93
  47.4707         93
  47.4901         88
  47.5096         92
  47.5291        114
  47.5486         99
  47.5680         97
  47.5875        103
  47.6070         82
  47.6265         97
  47.6459         96
  47.6654         97
  47.6849         87
  47.7044         85
  47.7238         93
  47.7433         90
  47.7628         86
  47.7823         96
  47.8018         88
  47.8212         86
  47.8407        111
  47.8602         94
  47.8797        104
  47.8991        111
  47.9186         82
  47.9381        103
  47.9576         81
  47.9770         97
  47.9965         87
  48.0160        104
  48.0355         79
  48.0549         96
  48.0744         94
  48.0939         89
  48.1134        102
  48.1328         96
  48.1523         81
  48.1718         91
  48.1913         99
  48.2107        107
  48.2302         95
  48.2497         93
  48.2692         88
  48.2886         92
  48.3081         92
  48.3276        115
  48.3471         95
  48.3665         86
  48.3860        102
  48.4055        102
  48.4250         93
  48.4444         86
  48.4639         98
  48.4834         93
  48.5029         76
  48.5223         95
  48.5418         82
  48.5613         96
  48.5808         98
  48.6002        112
  48.6197         98
  48.6392        124
  48.6587         77
  48.6781         77
  48.6976         93
  48.7171        118
  48.7366         91
  48.7560        109
  48.7755         88
  48.7950         94
  48.8145         96
  48.8339         78
  48.8534         92
  48.8729        105
  48.8924         95
  48.9118        100
  48.9313        111
  48.9508         94
  48.9703        104
  48.9898        111
  49.0092        116
  49.0287        107
  49.0482        101
  49.0677        103
  49.0871        113
  49.1066         91
  49.1261         95
  49.1456        103
  49.1650        111
  49.1845        113
  49.2040        103
  49.2235        124
  49.2429         99
  49.2624        103
  49.2819        107
  49.3014        111
  49.3208        101
  49.3403         93
  49.3598        102
  49.3793         99
  49.3987        104
  49.4182        120
  49.4377        147
  49.4572        116
  49.4766        142
  49.4961        123
  49.5156        131
  49.5351        157
  49.5545        121
  49.5740        115
  49.5935        126
  49.6130        134
  49.6324        125
  49.6519        122
  49.6714        140
  49.6909        150
  49.7103        151
  49.7298        135
  49.7493        157
  49.7688        161
  49.7882        184
  49.8077        186
  49.8272        182
  49.8467        199
  49.8661        231
  49.8856        247
  49.9051        279
  49.9246        287
  49.9440        295
  49.9635        384
  49.9830        442
  50.0025        496
  50.0219        616
  50.0414        806
  50.0609        988
  50.0804       1299
  50.0998       1423
  50.1193       1703
  50.1388       1758
  50.1583       1532
  50.1778       1192
  50.1972        941
  50.2167        921
  50.2362        882
  50.2557        984
  50.2751        913
  50.2946        754
  50.3141        597
  50.3336        362
  50.3530        301
  50.3725        247
  50.3920        238
  50.4115        207
  50.4309        207
  50.4504        203
  50.4699        170
  50.4894        153
  50.5088        180
  50.5283        174
  50.5478        144
  50.5673        158
  50.5867        184
  50.6062        184
  50.6257        182
  50.6452        182
  50.6646        173
  50.6841        127
  50.7036        140
  50.7231        162
  50.7425        153
  50.7620        145
  50.7815        145
  50.8010        118
  50.8204        104
  50.8399        128
  50.8594        116
  50.8789        108
  50.8983        116
  50.9178        119
  50.9373        117
  50.9568        108
  50.9762         88
  50.9957        106
  51.0152        100
  51.0347         90
  51.0541        109
  51.0736        102
  51.0931         91
  51.1126        101
  51.1320         84
  51.1515        107
  51.1710         96
  51.1905         99
  51.2099        108
  51.2294         94
  51.2489        100
  51.2684        104
  51.2878         84
  51.3073         84
  51.3268        101
  51.3463         82
  51.3657         79
  51.3852         99
  51.4047         90
  51.4242        104
  51.4437        110
  51.4631         88
  51.4826         97
  51.5021         95
  51.5216        107
  51.5410         88
  51.5605         93
  51.5800        101
  51.5995         87
  51.6189         97
  51.6384         77
  51.6579         86
  51.6774         95
  51.6968         81
  51.7163         79
  51.7358         95
  51.7553        104
  51.7747         95
  51.7942         95
  51.8137        104
  51.8332         75
  51.8526         79
  51.8721         90
  51.8916         79
  51.9111         84
  51.9305         81
  51.9500         97
  51.9695         80
  51.9890         73
  52.0084         75
  52.0279         93
  52.0474         82
  52.0669         92
  52.0863         79
  52.1058         92
  52.1253         82
  52.1448         99
  52.1642         76
  52.1837         70
  52.2032         86
  52.2227         91
  52.2421         74
  52.2616         87
  52.2811         72
  52.3006        105
  52.3200         88
  52.3395         89
  52.3590         87
  52.3785         95
  52.3979         89
  52.4174         84
  52.4369         99
  52.4564         80
  52.4758         76
  52.4953         78
  52.5148         84
  52.5343         77
  52.5537         90
  52.5732         93
  52.5927         89
  52.6122         94
  52.6317         79
  52.6511         78
  52.6706         75
  52.6901         70
  52.7096         85
  52.7290         78
  52.7485         77
  52.7680         82
  52.7875         67
  52.8069         89
  52.8264         80
  52.8459         72
  52.8654         84
  52.8848         86
  52.9043         76
  52.9238         82
  52.9433         79
  52.9627         78
  52.9822         80
  53.0017         76
  53.0212         73
  53.0406         79
  53.0601         89
  53.0796         92
  53.0991         90
  53.1185         84
  53.1380         90
  53.1575         74
  53.1770        100
  53.1964        101
  53.2159         89
  53.2354         78
  53.2549         95
  53.2743         85
  53.2938         74
  53.3133         76
  53.3328         80
  53.3522         80
  53.3717         87
  53.3912         76
  53.4107         74
  53.4301         91
  53.4496         64
  53.4691         66
  53.4886         85
  53.5080         84
  53.5275         65
  53.5470         87
  53.5665         84
  53.5859         89
  53.6054         63
  53.6249         66
  53.6444         93
  53.6638         86
  53.6833         88
  53.7028         94
  53.7223         81
  53.7417         71
  53.7612         83
  53.7807         88
  53.8002         88
  53.8197         77
  53.8391         77
  53.8586         86
  53.8781         95
  53.8976         90
  53.9170         88
  53.9365         83
  53.9560         76
  53.9755         81
  53.9949         83
  54.0144         93
  54.0339         88
  54.0534         95
  54.0728         76
  54.0923        104
  54.1118         86
  54.1313         79
  54.1507         93
  54.1702         88
  54.1897        104
  54.2092         86
  54.2286         80
  54.2481         87
  54.2676         97
  54.2871         72
  54.3065         99
  54.3260         82
  54.3455         89
  54.3650         98
  54.3844        104
  54.4039         97
  54.4234         95
  54.4429        100
  54.4623         93
  54.4818         75
  54.5013         86
  54.5208        100
  54.5402        112
  54.5597        111
  54.5792        103
  54.5987        112
  54.6181        126
  54.6376        119
  54.6571        131
  54.6766        155
  54.6960        161
  54.7155        164
  54.7350        202
  54.7545        243
  54.7739        273
  54.7934        325
  54.8129        404
  54.8324        459
  54.8518        541
  54.8713        598
  54.8908        504
  54.9103        379
  54.9297        309
  54.9492        269
  54.9687        301
  54.9882        346
  55.0076        350
  55.0271        308
  55.0466        263
  55.0661        186
  55.0856        166
  55.1050        165
  55.1245        152
  55.1440        167
  55.1635        137
  55.1829        142
  55.2024        168
  55.2219        187
  55.2414        202
  55.2608        247
  55.2803        263
  55.2998        244
  55.3193        308
  55.3387        274
  55.3582        242
  55.3777        189
  55.3972        187
  55.4166        174
  55.4361        200
  55.4556        181
  55.4751        179
  55.4945        171
  55.5140        132
  55.5335        120
  55.5530         98
  55.5724         98
  55.5919         85
  55.6114        114
  55.6309        110
  55.6503         93
  55.6698        104
  55.6893         94
  55.7088         74
  55.7282         92
  55.7477         78
  55.7672         98
  55.7867         67
  55.8061         88
  55.8256         74
  55.8451         77
  55.8646         84
  55.8840         71
  55.9035         89
  55.9230         71
  55.9425         76
  55.9619         75
  55.9814         96
  56.0009         75
  56.0204         74
  56.0398         66
  56.0593         68
  56.0788         89
  56.0983         78
  56.1177         82
  56.1372         67
  56.1567         82
  56.1762         77
  56.1956         74
  56.2151         83
  56.2346         86
  56.2541         71
  56.2736         82
  56.2930         75
  56.3125         80
  56.3320         85
  56.3515         91
  56.3709         83
  56.3904         68
  56.4099         65
  56.4294         74
  56.4488         77
  56.4683         73
  56.4878         79
  56.5073         82
  56.5267         66
  56.5462         76
  56.5657         89
  56.5852         80
  56.6046         75
  56.6241         63
  56.6436         80
  56.6631         71
  56.6825         64
  56.7020         78
  56.7215         79
  56.7410         75
  56.7604         79
  56.7799         82
  56.7994         65
  56.8189         52
  56.8383         81
  56.8578         71
  56.8773         88
  56.8968         70
  56.9162         76
  56.9357         91
  56.9552         76
  56.9747         94
  56.9941         85
  57.0136         88
  57.0331         94
  57.0526         85
  57.0720         85
  57.0915        105
  57.1110         73
  57.1305         91
  57.1499         86
  57.1694         84
  57.1889        105
  57.2084         99
  57.2278        109
  57.2473        104
  57.2668         85
  57.2863        102
  57.3057         81
  57.3252         67
  57.3447         81
  57.3642         65
  57.3836         86
  57.4031         86
  57.4226         79
  57.4421         86
  57.4615         76
  57.4810         71
  57.5005         80
  57.5200         91
  57.5395         80
  57.5589         68
  57.5784         71
  57.5979         77
  57.6174         69
  57.6368         61
  57.6563         80
  57.6758         64
  57.6953         82
  57.7147         83
  57.7342         74
  57.7537         81
  57.7732         74
  57.7926         76
  57.8121         90
  57.8316         81
  57.8511         65
  57.8705         66
  57.8900         73
  57.9095         85
  57.9290         73
  57.9484         82
  57.9679         82
  57.9874         68
  58.0069         78
  58.0263         82
  58.0458         78
  58.0653         75
  58.0848         67
  58.1042         67
  58.1237         68
  58.1432         74
  58.1627         66
  58.1821         80
  58.2016         80
  58.2211         87
  58.2406         72
  58.2600         77
  58.2795         80
  58.2990         72
  58.3185         79
  58.3379         73
  58.3574         98
  58.3769         63
  58.3964         68
  58.4158         66
  58.4353         62
  58.4548         84
  58.4743         76
  58.4937         75
  58.5132         76
  58.5327         65
  58.5522         77
  58.5716         92
  58.5911         87
  58.6106         77
  58.6301         87
  58.6495         77
  58.6690         90
  58.6885         82
  58.7080         76
  58.7275         81
  58.7469         96
  58.7664         71
  58.7859         85
  58.8054         89
  58.8248         72
  58.8443        101
  58.8638         78
  58.8833         71
  58.9027         84
  58.9222         72
  58.9417         97
  58.9612         83
  58.9806         90
  59.0001         80
  59.0196         89
  59.0391         76
  59.0585         94
  59.0780         89
  59.0975         77
  59.1170         76
  59.1364         77
  59.1559         79
  59.1754         77
  59.1949         77
  59.2143         99
  59.2338        104
  59.2533         98
  59.2728         87
  59.2922        103
  59.3117        106
  59.3312         99
  59.3507         91
  59.3701         82
  59.3896         88
  59.4091         96
  59.4286         98
  59.4480        115
  59.4675        104
  59.4870        107
  59.5065        137
  59.5259        100
  59.5454        112
  59.5649        129
  59.5844        150
  59.6038        159
  59.6233        136
  59.6428        155
  59.6623        170
  59.6817        186
  59.7012        206
  59.7207        200
  59.7402        247
  59.7596        256
  59.7791        277
  59.7986        322
  59.8181        383
  59.8375        441
  59.8570        555
  59.8765        716
  59.8960        814
  59.9155       1018
  59.9349       1051
  59.9544       1078
  59.9739        918
  59.9934        766
  60.0128        593
  60.0323        574
  60.0518        582
  60.0713        651
  60.0907        612
  60.1102        663
  60.1297        575
  60.1492        461
  60.1686        320
  60.1881        247
  60.2076        207
  60.2271        187
  60.2465        160
  60.2660        134
  60.2855        129
  60.3050        129
  60.3244        123
  60.3439        111
  60.3634        124
  60.3829        118
  60.4023        117
  60.4218         97
  60.4413         92
  60.4608        102
  60.4802        107
  60.4997         90
  60.5192         83
  60.5387        109
  60.5581        102
  60.5776         81
  60.5971        112
  60.6166         95
  60.6360         95
  60.6555         74
  60.6750         84
  60.6945         98
  60.7139         96
  60.7334         83
  60.7529         69
  60.7724         87
  60.7918         73
  60.8113         78
  60.8308         78
  60.8503        103
  60.8697         75
  60.8892         77
  60.9087         73
  60.9282         82
  60.9476         64
  60.9671         84
  60.9866         80
  61.0061         78
  61.0255         74
  61.0450         71
  61.0645         67
  61.0840         90
  61.1034         85
  61.1229         88
  61.1424         68
  61.1619         66
  61.1814         85
  61.2008         75
  61.2203         75
  61.2398         77
  61.2593         71
  61.2787         84
  61.2982         73
  61.3177         84
  61.3372         68
  61.3566         71
  61.3761         80
  61.3956         70
  61.4151         67
  61.4345         72
  61.4540         68
  61.4735         66
  61.4930         53
  61.5124         78
  61.5319         69
  61.5514         67
  61.5709         75
  61.5903         73
  61.6098         61
  61.6293         56
  61.6488         59
  61.6682         64
  61.6877         76
  61.7072         68
  61.7267         77
  61.7461         71
  61.7656         72
  61.7851         59
  61.8046         60
  61.8240         79
  61.8435         60
  61.8630         59
  61.8825         56
  61.9019         67
  61.9214         65
  61.9409         74
  61.9604         60
  61.9798         75
  61.9993         63
  62.0188         66
  62.0383         91
  62.0577         53
  62.0772         61
  62.0967         82
  62.1162         70
  62.1356         77
  62.1551         56
  62.1746         59
  62.1941         71
  62.2135         72
  62.2330         64
  62.2525         78
  62.2720         60
  62.2914         52
  62.3109         69
  62.3304         59
  62.3499         65
  62.3694         67
  62.3888         56
  62.4083         59
  62.4278         56
  62.4473         70
  62.4667         65
  62.4862         61
  62.5057         50
  62.5252         60
  62.5446         62
  62.5641         66
  62.5836         73
  62.6031         68
  62.6225         66
  62.6420         62
  62.6615         73
  62.6810         65
  62.7004         66
  62.7199         62
  62.7394         64
  62.7589         71
  62.7783         56
  62.7978         62
  62.8173         64
  62.8368         61
  62.8562         58
  62.8757         67
  62.8952         77
  62.9147         76
  62.9341         72
  62.9536         62
  62.9731         57
  62.9926         71
  63.0120         64
  63.0315         70
  63.0510         60
  63.0705         75
  63.0899         78
  63.1094         67
  63.1289         69
  63.1484         52
  63.1678         54
  63.1873         70
  63.2068         69
  63.2263         79
  63.2457         59
  63.2652         47
  63.2847         71
  63.3042         53
  63.3236         58
  63.3431         78
  63.3626         84
  63.3821         71
  63.4015         65
  63.4210         72
  63.4405         68
  63.4600         74
  63.4794         73
  63.4989         75
  63.5184         75
  63.5379         85
  63.5574         68
  63.5768         74
  63.5963         73
  63.6158         59
  63.6353         72
  63.6547         65
  63.6742         76
  63.6937         92
  63.7132         78
  63.7326         98
  63.7521         84
  63.7716         81
  63.7911         89
  63.8105         88
  63.8300        102
  63.8495        123
  63.8690        120
  63.8884        123
  63.9079        113
  63.9274        157
  63.9469        159
  63.9663        188
  63.9858        203
  64.0053        244
  64.0248        255
  64.0442        248
  64.0637        222
  64.0832        162
  64.1027        149
  64.1221        133
  64.1416        148
  64.1611        176
  64.1806        139
  64.2000        168
  64.2195        173
  64.2390        116
  64.2585        106
  64.2779         96
  64.2974         64
  64.3169         72
  64.3364         86
  64.3558         70
  64.3753         89
  64.3948         74
  64.4143         76
  64.4337         64
  64.4532         79
  64.4727         83
  64.4922         74
  64.5116         65
  64.5311         69
  64.5506         71
  64.5701         62
  64.5895         63
  64.6090         56
  64.6285         61
  64.6480         70
  64.6674         61
  64.6869         73
  64.7064         63
  64.7259         77
  64.7453         66
  64.7648         57
  64.7843         71
  64.8038         66
  64.8233         61
  64.8427         66
  64.8622         73
  64.8817         69
  64.9012         72
  64.9206         69
  64.9401         69
  64.9596         76
  64.9791         72
  64.9985         57
  65.0180         78
  65.0375         68
  65.0570         76
  65.0764         61
  65.0959         65
  65.1154         69
  65.1349         59
  65.1543         72
  65.1738         60
  65.1933         77
  65.2128         64
  65.2322         56
  65.2517         70
  65.2712         64
  65.2907         56
  65.3101         68
  65.3296         76
  65.3491         80
  65.3686         70
  65.3880         87
  65.4075         71
  65.4270         64
  65.4465         75
  65.4659         72
  65.4854         60
  65.5049         82
  65.5244         65
  65.5438         72
  65.5633         76
  65.5828         75
  65.6023         78
  65.6217         96
  65.6412         72
  65.6607        104
  65.6802        118
  65.6996         95
  65.7191        114
  65.7386        106
  65.7581        106
  65.7775        115
  65.7970         88
  65.8165        111
  65.8360         80
  65.8554         68
  65.8749         94
  65.8944         85
  65.9139         85
  65.9333        112
  65.9528         92
  65.9723         81
  65.9918         66
  66.0113         73
  66.0307         63
  66.0502         75
  66.0697         71
  66.0892         78
  66.1086         73
  66.1281         54
  66.1476         69
  66.1671         65
  66.1865         64
  66.2060         83
  66.2255         83
  66.2450         73
  66.2644         59
  66.2839         87
  66.3034         76
  66.3229         72
  66.3423         59
  66.3618         82
  66.3813         57
  66.4008         73
  66.4202         64
  66.4397         75
  66.4592         66
  66.4787         76
  66.4981         74
  66.5176         70
  66.5371         66
  66.5566         67
  66.5760         67
  66.5955         77
  66.6150         74
  66.6345         85
  66.6539         83
  66.6734         65
  66.6929         65
  66.7124         77
  66.7318         68
  66.7513         84
  66.7708         84
  66.7903         64
  66.8097         76
  66.8292         76
  66.8487         59
  66.8682         92
  66.8876         81
  66.9071         64
  66.9266         79
  66.9461         77
  66.9655         84
  66.9850         60
  67.0045         73
  67.0240         74
  67.0434         79
  67.0629         76
  67.0824         91
  67.1019         98
  67.1213         92
  67.1408        101
  67.1603        106
  67.1798         86
  67.1992        100
  67.2187        108
  67.2382        101
  67.2577        105
  67.2772         79
  67.2966         97
  67.3161         98
  67.3356         96
  67.3551        109
  67.3745        111
  67.3940        104
  67.4135        147
  67.4330        130
  67.4524        131
  67.4719        146
  67.4914        173
  67.5109        168
  67.5303        198
  67.5498        231
  67.5693        247
  67.5888        282
  67.6082        313
  67.6277        325
  67.6472        394
  67.6667        508
  67.6861        599
  67.7056        666
  67.7251        769
  67.7446        645
  67.7640        553
  67.7835        418
  67.8030        424
  67.8225        356
  67.8419        388
  67.8614        401
  67.8809        449
  67.9004        520
  67.9198        525
  67.9393        456
  67.9588        436
  67.9783        408
  67.9977        443
  68.0172        456
  68.0367        565
  68.0562        630
  68.0756        717
  68.0951        849
  68.1146        954
  68.1341        994
  68.1535        822
  68.1730        696
  68.1925        621
  68.2120        632
  68.2314        718
  68.2509        766
  68.2704        788
  68.2899        877
  68.3093        905
  68.3288        823
  68.3483        630
  68.3678        490
  68.3872        354
  68.4067        372
  68.4262        370
  68.4457        339
  68.4652        353
  68.4846        377
  68.5041        314
  68.5236        281
  68.5431        225
  68.5625        223
  68.5820        158
  68.6015        124
  68.6210        129
  68.6404        129
  68.6599        127
  68.6794        113
  68.6989        104
  68.7183         95
  68.7378        119
  68.7573        104
  68.7768        101
  68.7962         96
  68.8157         88
  68.8352        101
  68.8547         77
  68.8741        104
  68.8936        107
  68.9131         84
  68.9326         81
  68.9520         68
  68.9715         89
  68.9910         81
  69.0105         98
  69.0299         84
  69.0494         67
  69.0689         86
  69.0884         76
  69.1078         90
  69.1273         74
  69.1468         63
  69.1663         82
  69.1857         86
  69.2052         66
  69.2247         86
  69.2442         78
  69.2636         61
  69.2831         70
  69.3026         75
  69.3221         86
  69.3415         91
  69.3610         74
  69.3805         69
  69.4000         86
  69.4194         68
  69.4389         76
  69.4584         68
  69.4779         58
  69.4973         66
  69.5168         68
  69.5363         65
  69.5558         72
  69.5752         53
  69.5947         70
  69.6142         72
  69.6337         67
  69.6532         54
  69.6726         69
  69.6921         64
  69.7116         69
  69.7311         55
  69.7505         58
  69.7700         75
  69.7895         63
  69.8090         64
  69.8284         68
  69.8479         72
  69.8674         49
  69.8869         60
  69.9063         77
  69.9258         65
  69.9453         72
  69.9648         70
  69.9842         72
  70.0037         77
  70.0232         60
  70.0427         59
  70.0621         70
  70.0816         61
  70.1011         55
  70.1206         68
  70.1400         77
  70.1595         69
  70.1790         57
  70.1985         53
  70.2179         65
  70.2374         53
  70.2569         66
  70.2764         68
  70.2958         74
  70.3153         60
  70.3348         60
  70.3543         50
  70.3737         56
  70.3932         49
  70.4127         63
  70.4322         53
  70.4516         56
  70.4711         62
  70.4906         70
  70.5101         49
  70.5295         60
  70.5490         65
  70.5685         61
  70.5880         57
  70.6074         58
  70.6269         58
  70.6464         59
  70.6659         65
  70.6853         70
  70.7048         69
  70.7243         66
  70.7438         57
  70.7632         53
  70.7827         64
  70.8022         52
  70.8217         54
  70.8411         63
  70.8606         61
  70.8801         69
  70.8996         63
  70.9191         69
  70.9385         55
  70.9580         58
  70.9775         55
  70.9970         66
  71.0164         70
  71.0359         68
  71.0554         58
  71.0749         76
  71.0943         69
  71.1138         64
  71.1333         57
  71.1528         63
  71.1722         66
  71.1917         48
  71.2112         61
  71.2307         45
  71.2501         73
  71.2696         60
  71.2891         68
  71.3086         64
  71.3280         67
  71.3475         44
  71.3670         50
  71.3865         55
  71.4059         62
  71.4254         55
  71.4449         47
  71.4644         63
  71.4838         60
  71.5033         58
  71.5228         64
  71.5423         65
  71.5617         73
  71.5812         59
  71.6007         68
  71.6202         70
  71.6396         66
  71.6591         67
  71.6786         79
  71.6981         58
  71.7175         66
  71.7370         63
  71.7565         62
  71.7760         62
  71.7954         52
  71.8149         57
  71.8344         69
  71.8539         68
  71.8733         79
  71.8928         63
  71.9123         61
  71.9318         67
  71.9512         73
  71.9707         54
  71.9902         52
  72.0097         55
  72.0291         71
  72.0486         55
  72.0681         54
  72.0876         50
  72.1071         57
  72.1265         62
  72.1460         64
  72.1655         65
  72.1850         61
  72.2044         63
  72.2239         64
  72.2434         74
  72.2629         65
  72.2823         69
  72.3018         67
  72.3213         80
  72.3408         75
  72.3602         56
  72.3797         53
  72.3992         77
  72.4187         51
  72.4381         61
  72.4576         52
  72.4771         64
  72.4966         69
  72.5160         72
  72.5355         59
  72.5550         59
  72.5745         60
  72.5939         59
  72.6134         74
  72.6329         75
  72.6524         60
  72.6718         77
  72.6913         72
  72.7108         56
  72.7303         60
  72.7497         67
  72.7692         68
  72.7887         67
  72.8082         70
  72.8276         54
  72.8471         64
  72.8666         68
  72.8861         61
  72.9055         67
  72.9250         70
  72.9445         48
  72.9640         84
  72.9834         64
  73.0029         68
  73.0224         71
  73.0419         77
  73.0613         57
  73.0808         81
  73.1003         58
  73.1198        102
  73.1392         67
  73.1587         75
  73.1782         74
  73.1977         90
  73.2171         90
  73.2366        103
  73.2561        116
  73.2756        143
  73.2951        102
  73.3145        130
  73.3340        156
  73.3535        165
  73.3730        185
  73.3924        243
  73.4119        243
  73.4314        276
  73.4509        284
  73.4703        269
  73.4898        218
  73.5093        186
  73.5288        144
  73.5482        167
  73.5677        139
  73.5872        168
  73.6067        141
  73.6261        181
  73.6456        204
  73.6651        201
  73.6846        157
  73.7040        128
  73.7235        101
  73.7430        100
  73.7625         85
  73.7819         92
  73.8014         77
  73.8209         94
  73.8404         87
  73.8598         60
  73.8793         70
  73.8988         70
  73.9183         77
  73.9377         87
  73.9572         65
  73.9767         80
  73.9962         73
  74.0156         70
  74.0351         64
  74.0546         76
  74.0741         72
  74.0935         71
  74.1130         57
  74.1325         55
  74.1520         69
  74.1714         66
  74.1909         75
  74.2104         64
  74.2299         59
  74.2493         68
  74.2688         75
  74.2883         46
  74.3078         50
  74.3272         59
  74.3467         59
  74.3662         74
  74.3857         68
  74.4051         76
  74.4246         70
  74.4441         65
  74.4636         70
  74.4830         69
  74.5025         56
  74.5220         63
  74.5415         56
  74.5610         68
  74.5804         61
  74.5999         61
  74.6194         79
  74.6389         49
  74.6583         72
  74.6778         58
  74.6973         53
  74.7168         55
  74.7362         80
  74.7557         63
  74.7752         62
  74.7947         52
  74.8141         72
  74.8336         62
  74.8531         63
  74.8726         70
  74.8920         61
  74.9115         64
  74.9310         65
  74.9505         77
  74.9699         56
  74.9894         64
  75.0089         59
  75.0284         71
  75.0478         60
  75.0673         77
  75.0868         73
  75.1063         71
  75.1257         60
  75.1452         66
  75.1647         86
  75.1842         67
  75.2036         65
  75.2231         75
  75.2426         82
  75.2621         72
  75.2815         82
  75.3010         69
  75.3205         84
  75.3400         86
  75.3594         97
  75.3789         90
  75.3984         84
  75.4179         96
  75.4373        108
  75.4568        135
  75.4763        147
  75.4958        149
  75.5152        160
  75.5347        184
  75.5542        232
  75.5737        271
  75.5931        267
  75.6126        291
  75.6321        374
  75.6516        377
  75.6710        299
  75.6905        279
  75.7100        180
  75.7295        168
  75.7490        177
  75.7684        188
  75.7879        180
  75.8074        169
  75.8269        203
  75.8463        198
  75.8658        203
  75.8853        189
  75.9048        145
  75.9242        121
  75.9437        106
  75.9632         94
  75.9827         93
  76.0021         95
  76.0216         80
  76.0411         63
  76.0606         70
  76.0800         65
  76.0995         82
  76.1190         70
  76.1385         75
  76.1579         86
  76.1774         58
  76.1969         61
  76.2164         55
  76.2358         58
  76.2553         49
  76.2748         59
  76.2943         76
  76.3137         66
  76.3332         71
  76.3527         53
  76.3722         62
  76.3916         50
  76.4111         61
  76.4306         63
  76.4501         56
  76.4695         60
  76.4890         63
  76.5085         68
  76.5280         64
  76.5474         61
  76.5669         46
  76.5864         60
  76.6059         61
  76.6253         48
  76.6448         49
  76.6643         69
  76.6838         54
  76.7032         57
  76.7227         42
  76.7422         47
  76.7617         69
  76.7811         63
  76.8006         48
  76.8201         65
  76.8396         58
  76.8590         71
  76.8785         64
  76.8980         65
  76.9175         59
  76.9369         67
  76.9564         68
  76.9759         47
  76.9954         52
  77.0149         72
  77.0343         54
  77.0538         70
  77.0733         70
  77.0928         65
  77.1122         76
  77.1317         68
  77.1512         68
  77.1707         66
  77.1901         79
  77.2096         67
  77.2291         63
  77.2486         60
  77.2680         71
  77.2875         70
  77.3070         81
  77.3265         76
  77.3459         70
  77.3654         86
  77.3849         90
  77.4044         80
  77.4238         98
  77.4433         77
  77.4628         73
  77.4823         86
  77.5017        102
  77.5212        114
  77.5407        121
  77.5602        137
  77.5796        135
  77.5991        183
  77.6186        225
  77.6381        216
  77.6575        227
  77.6770        176
  77.6965        158
  77.7160        142
  77.7354        123
  77.7549        124
  77.7744        117
  77.7939        127
  77.8133        130
  77.8328        119
  77.8523        146
  77.8718        133
  77.8912        123
  77.9107        105
  77.9302         87
  77.9497         92
  77.9691         82
  77.9886         76
  78.0081         81
  78.0276         72
  78.0470         76
  78.0665         71
  78.0860         58
  78.1055         59
  78.1249         64
  78.1444         58
  78.1639         49
  78.1834         55
  78.2029         59
  78.2223         55
  78.2418         60
  78.2613         50
  78.2808         57
  78.3002         61
  78.3197         70
  78.3392         58
  78.3587         67
  78.3781         65
  78.3976         74
  78.4171         63
  78.4366         69
  78.4560         47
  78.4755         79
  78.4950         63
  78.5145         59
  78.5339         59
  78.5534         67
  78.5729         66
  78.5924         67
  78.6118         73
  78.6313         64
  78.6508         58
  78.6703         68
  78.6897         63
  78.7092         51
  78.7287         63
  78.7482         49
  78.7676         66
  78.7871         69
  78.8066         72
  78.8261         55
  78.8455         47
  78.8650         67
  78.8845         57
  78.9040         54
  78.9234         70
  78.9429         49
  78.9624         54
  78.9819         58
  79.0013         56
  79.0208         78
  79.0403         53
  79.0598         69
  79.0792         69
  79.0987         50
  79.1182         77
  79.1377         66
  79.1571         65
  79.1766         79
  79.1961         62
  79.2156         64
  79.2350         66
  79.2545         63
  79.2740         59
  79.2935         84
  79.3129         90
  79.3324         65
  79.3519         82
  79.3714         87
  79.3909         70
  79.4103         77
  79.4298         61
  79.4493         72
  79.4688         67
  79.4882         68
  79.5077         76
  79.5272         98
  79.5467         88
  79.5661         81
  79.5856         95
  79.6051        101
  79.6246        113
  79.6440        105
  79.6635        129
  79.6830        137
  79.7025        142
  79.7219        152
  79.7414        187
  79.7609        192
  79.7804        256
  79.7998        273
  79.8193        322
  79.8388        378
  79.8583        371
  79.8777        338
  79.8972        278
  79.9167        243
  79.9362        231
  79.9556        216
  79.9751        207
  79.9946        263
