  10.0390        585
  10.0584        614
  10.0779        575
  10.0974        594
  10.1169        562
  10.1363        584
  10.1558        575
  10.1753        576
  10.1948        548
  10.2142        555
  10.2337        556
  10.2532        611
  10.2727        602
  10.2921        591
  10.3116        571
  10.3311        562
  10.3506        557
  10.3700        546
  10.3895        598
  10.4090        587
  10.4285        544
  10.4479        601
  10.4674        563
  10.4869        606
  10.5064        585
  10.5258        571
  10.5453        596
  10.5648        606
  10.5843        586
  10.6037        581
  10.6232        583
  10.6427        597
  10.6622        560
  10.6816        597
  10.7011        603
  10.7206        550
  10.7401        560
  10.7595        559
  10.7790        537
  10.7985        547
  10.8180        562
  10.8374        577
  10.8569        567
  10.8764        571
  10.8959        539
  10.9153        594
  10.9348        555
  10.9543        565
  10.9738        554
  10.9932        562
  11.0127        563
  11.0322        591
  11.0517        569
  11.0711        573
  11.0906        565
  11.1101        557
  11.1296        576
  11.1490        541
  11.1685        533
  11.1880        523
  11.2075        551
  11.2270        570
  11.2464        533
  11.2659        569
  11.2854        554
  11.3049        542
  11.3243        510
  11.3438        560
  11.3633        563
  11.3828        582
  11.4022        549
  11.4217        557
  11.4412        566
  11.4607        546
  11.4801        517
  11.4996        549
  11.5191        522
  11.5386        549
  11.5580        541
  11.5775        505
  11.5970        577
  11.6165        553
  11.6359        523
  11.6554        568
  11.6749        520
  11.6944        509
  11.7138        517
  11.7333        534
  11.7528        532
  11.7723        541
  11.7917        533
  11.8112        551
  11.8307        477
  11.8502        511
  11.8696        519
  11.8891        531
  11.9086        527
  11.9281        555
  11.9475        514
  11.9670        538
  11.9865        504
  12.0060        509
  12.0254        531
  12.0449        531
  12.0644        506
  12.0839        537
  12.1033        526
  12.1228        517
  12.1423        498
  12.1618        555
  12.1812        522
  12.2007        514
  12.2202        493
  12.2397        496
  12.2591        524
  12.2786        470
  12.2981        533
  12.3176        535
  12.3370        525
  12.3565        536
  12.3760        525
  12.3955        513
  12.4149        499
  12.4344        509
  12.4539        478
  12.4734        491
  12.4929        518
  12.5123        523
  12.5318        497
  12.5513        511
  12.5708        541
  12.5902        523
  12.6097        507
  12.6292        519
  12.6487        519
  12.6681        527
  12.6876        516
  12.7071        481
  12.7266        538
  12.7460        437
  12.7655        492
  12.7850        487
  12.8045        477
  12.8239        507
  12.8434        503
  12.8629        467
  12.8824        495
  12.9018        478
  12.9213        506
  12.9408        467
  12.9603        497
  12.9797        506
  12.9992        471
  13.0187        475
  13.0382        481
  13.0576        513
  13.0771        524
  13.0966        497
  13.1161        487
  13.1355        531
  13.1550        480
  13.1745        482
  13.1940        508
  13.2134        478
  13.2329        499
  13.2524        447
  13.2719        503
  13.2913        485
  13.3108        497
  13.3303        485
  13.3498        477
  13.3692        500
  13.3887        439
  13.4082        481
  13.4277        474
  13.4471        554
  13.4666        535
  13.4861        466
  13.5056        443
  13.5250        461
  13.5445        478
  13.5640        482
  13.5835        442
  13.6029        430
  13.6224        487
  13.6419        470
  13.6614        491
  13.6809        497
  13.7003        444
  13.7198        493
  13.7393        513
  13.7588        465
  13.7782        472
  13.7977        456
  13.8172        460
  13.8367        468
  13.8561        465
  13.8756        461
  13.8951        466
  13.9146        456
  13.9340        467
  13.9535        495
  13.9730        477
  13.9925        486
  14.0119        453
  14.0314        487
  14.0509        440
  14.0704        441
  14.0898        498
  14.1093        441
  14.1288        477
  14.1483        467
  14.1677        426
  14.1872        408
  14.2067        454
  14.2262        471
  14.2456        453
  14.2651        440
  14.2846        422
  14.3041        467
  14.3235        458
  14.3430        433
  14.3625        472
  14.3820        434
  14.4014        408
  14.4209        475
  14.4404        457
  14.4599        443
  14.4793        442
  14.4988        441
  14.5183        435
  14.5378        472
  14.5572        479
  14.5767        451
  14.5962        444
  14.6157        441
  14.6351        450
  14.6546        455
  14.6741        441
  14.6936        457
  14.7130        447
  14.7325        454
  14.7520        423
  14.7715        433
  14.7909        474
  14.8104        451
  14.8299        427
  14.8494        481
  14.8689        432
  14.8883        430
  14.9078        466
  14.9273        440
  14.9468        426
  14.9662        440
  14.9857        429
  15.0052        409
  15.0247        444
  15.0441        464
  15.0636        430
  15.0831        432
  15.1026        435
  15.1220        405
  15.1415        446
  15.1610        400
  15.1805        427
  15.1999        446
  15.2194        449
  15.2389        414
  15.2584        414
  15.2778        436
  15.2973        409
  15.3168        441
  15.3363        468
  15.3557        425
  15.3752        424
  15.3947        412
  15.4142        416
  15.4336        435
  15.4531        393
  15.4726        433
  15.4921        445
  15.5115        415
  15.5310        414
  15.5505        453
  15.5700        424
  15.5894        429
  15.6089        432
  15.6284        411
  15.6479        400
  15.6673        445
  15.6868        468
  15.7063        416
  15.7258        424
  15.7452        413
  15.7647        392
  15.7842        415
  15.8037        437
  15.8231        405
  15.8426        452
  15.8621        391
  15.8816        412
  15.9010        366
  15.9205        396
  15.9400        436
  15.9595        456
  15.9789        415
  15.9984        405
  16.0179        427
  16.0374        415
  16.0568        425
  16.0763        438
  16.0958        406
  16.1153        380
  16.1348        425
  16.1542        393
  16.1737        405
  16.1932        416
  16.2127        437
  16.2321        369
  16.2516        400
  16.2711        449
  16.2906        418
  16.3100        411
  16.3295        395
  16.3490        427
  16.3685        395
  16.3879        406
  16.4074        409
  16.4269        434
  16.4464        412
  16.4658        413
  16.4853        388
  16.5048        386
  16.5243        406
  16.5437        409
  16.5632        448
  16.5827        403
  16.6022        435
  16.6216        422
  16.6411        413
  16.6606        365
  16.6801        384
  16.6995        388
  16.7190        417
  16.7385        360
  16.7580        416
  16.7774        432
  16.7969        382
  16.8164        404
  16.8359        369
  16.8553        370
  16.8748        385
  16.8943        394
  16.9138        399
  16.9332        415
  16.9527        351
  16.9722        402
  16.9917        397
  17.0111        366
  17.0306        374
  17.0501        415
  17.0696        398
  17.0890        402
  17.1085        393
  17.1280        395
  17.1475        378
  17.1669        414
  17.1864        322
  17.2059        361
  17.2254        401
  17.2448        421
  17.2643        384
  17.2838        396
  17.3033        417
  17.3228        376
  17.3422        405
  17.3617        383
  17.3812        383
  17.4007        427
  17.4201        405
  17.4396        365
  17.4591        376
  17.4786        367
  17.4980        362
  17.5175        392
  17.5370        391
  17.5565        387
  17.5759        393
  17.5954        379
  17.6149        380
  17.6344        375
  17.6538        396
  17.6733        390
  17.6928        364
  17.7123        376
  17.7317        389
  17.7512        414
  17.7707        422
  17.7902        386
  17.8096        375
  17.8291        353
  17.8486        380
  17.8681        368
  17.8875        384
  17.9070        349
  17.9265        378
  17.9460        369
  17.9654        407
  17.9849        369
  18.0044        372
  18.0239        405
  18.0433        367
  18.0628        379
  18.0823        387
  18.1018        367
  18.1212        342
  18.1407        357
  18.1602        358
  18.1797        341
  18.1991        359
  18.2186        350
  18.2381        342
  18.2576        405
  18.2770        390
  18.2965        392
  18.3160        367
  18.3355        330
  18.3549        327
  18.3744        345
  18.3939        323
  18.4134        346
  18.4328        366
  18.4523        361
  18.4718        355
  18.4913        367
  18.5107        393
  18.5302        362
  18.5497        394
  18.5692        394
  18.5887        356
  18.6081        330
  18.6276        364
  18.6471        355
  18.6666        346
  18.6860        372
  18.7055        367
  18.7250        351
  18.7445        355
  18.7639        383
  18.7834        314
  18.8029        360
  18.8224        383
  18.8418        369
  18.8613        374
  18.8808        369
  18.9003        362
  18.9197        304
  18.9392        380
  18.9587        345
  18.9782        350
  18.9976        311
  19.0171        366
  19.0366        352
  19.0561        329
  19.0755        337
  19.0950        353
  19.1145        371
  19.1340        353
  19.1534        375
  19.1729        349
  19.1924        343
  19.2119        386
  19.2313        366
  19.2508        362
  19.2703        379
  19.2898        385
  19.3092        362
  19.3287        353
  19.3482        358
  19.3677        340
  19.3871        330
  19.4066        336
  19.4261        362
  19.4456        369
  19.4650        316
  19.4845        339
  19.5040        365
  19.5235        343
  19.5429        361
  19.5624        329
  19.5819        349
  19.6014        361
  19.6208        361
  19.6403        331
  19.6598        344
  19.6793        338
  19.6987        332
  19.7182        324
  19.7377        352
  19.7572        346
  19.7767        318
  19.7961        360
  19.8156        363
  19.8351        326
  19.8546        354
  19.8740        330
  19.8935        341
  19.9130        352
  19.9325        312
  19.9519        340
  19.9714        309
  19.9909        331
  20.0104        353
  20.0298        368
  20.0493        336
  20.0688        317
  20.0883        319
  20.1077        324
  20.1272        329
  20.1467        334
  20.1662        302
  20.1856        337
  20.2051        343
  20.2246        328
  20.2441        357
  20.2635        347
  20.2830        338
  20.3025        329
  20.3220        341
  20.3414        267
  20.3609        330
  20.3804        349
  20.3999        323
  20.4193        357
  20.4388        355
  20.4583        372
  20.4778        339
  20.4972        334
  20.5167        344
  20.5362        303
  20.5557        328
  20.5751        330
  20.5946        330
  20.6141        327
  20.6336        340
  20.6530        332
  20.6725        339
  20.6920        308
  20.7115        323
  20.7309        284
  20.7504        323
  20.7699        294
  20.7894        324
  20.8088        309
  20.8283        327
  20.8478        321
  20.8673        321
  20.8867        344
  20.9062        323
  20.9257        376
  20.9452        332
  20.9647        321
  20.9841        323
  21.0036        303
  21.0231        335
  21.0426        356
  21.0620        324
  21.0815        358
  21.1010        313
  21.1205        323
  21.1399        296
  21.1594        324
  21.1789        298
  21.1984        307
  21.2178        332
  21.2373        329
  21.2568        286
  21.2763        340
  21.2957        328
  21.3152        305
  21.3347        298
  21.3542        302
  21.3736        334
  21.3931        332
  21.4126        327
  21.4321        286
  21.4515        308
  21.4710        326
  21.4905        312
  21.5100        319
  21.5294        339
  21.5489        306
  21.5684        319
  21.5879        305
  21.6073        296
  21.6268        298
  21.6463        308
  21.6658        285
  21.6852        295
  21.7047        301
  21.7242        314
  21.7437        288
  21.7631        310
  21.7826        301
  21.8021        304
  21.8216        309
  21.8410        329
  21.8605        295
  21.8800        294
  21.8995        303
  21.9189        322
  21.9384        295
  21.9579        314
  21.9774        292
  21.9968        292
  22.0163        297
  22.0358        308
  22.0553        315
  22.0747        308
  22.0942        293
  22.1137        321
  22.1332        261
  22.1526        273
  22.1721        305
  22.1916        298
  22.2111        265
  22.2306        296
  22.2500        275
  22.2695        302
  22.2890        302
  22.3085        280
  22.3279        287
  22.3474        289
  22.3669        295
  22.3864        300
  22.4058        315
  22.4253        308
  22.4448        296
  22.4643        279
  22.4837        279
  22.5032        290
  22.5227        266
  22.5422        259
  22.5616        296
  22.5811        291
  22.6006        329
  22.6201        268
  22.6395        289
  22.6590        270
  22.6785        249
  22.6980        262
  22.7174        305
  22.7369        289
  22.7564        312
  22.7759        276
  22.7953        284
  22.8148        308
  22.8343        275
  22.8538        262
  22.8732        291
  22.8927        261
  22.9122        269
  22.9317        304
  22.9511        270
  22.9706        287
  22.9901        275
  23.0096        284
  23.0290        245
  23.0485        268
  23.0680        283
  23.0875        288
  23.1069        263
  23.1264        295
  23.1459        287
  23.1654        300
  23.1848        281
  23.2043        285
  23.2238        261
  23.2433        293
  23.2627        286
  23.2822        276
  23.3017        256
  23.3212        260
  23.3406        253
  23.3601        223
  23.3796        281
  23.3991        282
  23.4186        252
  23.4380        278
  23.4575        270
  23.4770        252
  23.4965        281
  23.5159        267
  23.5354        262
  23.5549        277
  23.5744        253
  23.5938        262
  23.6133        248
  23.6328        255
  23.6523        289
  23.6717        276
  23.6912        269
  23.7107        266
  23.7302        234
  23.7496        251
  23.7691        265
  23.7886        241
  23.8081        246
  23.8275        285
  23.8470        285
  23.8665        281
  23.8860        281
  23.9054        283
  23.9249        238
  23.9444        242
  23.9639        234
  23.9833        265
  24.0028        255
  24.0223        257
  24.0418        268
  24.0612        256
  24.0807        234
  24.1002        261
  24.1197        267
  24.1391        242
  24.1586        266
  24.1781        272
  24.1976        247
  24.2170        268
  24.2365        246
  24.2560        248
  24.2755        260
  24.2949        255
  24.3144        242
  24.3339        243
  24.3534        238
  24.3728        238
  24.3923        249
  24.4118        239
  24.4313        207
  24.4507        258
  24.4702        214
  24.4897        243
  24.5092        263
  24.5286        227
  24.5481        250
  24.5676        261
  24.5871        214
  24.6065        258
  24.6260        267
  24.6455        233
  24.6650        281
  24.6845        245
  24.7039        240
  24.7234        237
  24.7429        249
  24.7624        264
  24.7818        231
  24.8013        216
  24.8208        231
  24.8403        230
  24.8597        236
  24.8792        261
  24.8987        213
  24.9182        254
  24.9376        240
  24.9571        246
  24.9766        245
  24.9961        243
  25.0155        255
  25.0350        263
  25.0545        201
  25.0740        244
  25.0934        267
  25.1129        224
  25.1324        223
  25.1519        225
  25.1713        208
  25.1908        268
  25.2103        240
  25.2298        247
  25.2492        233
  25.2687        240
  25.2882        238
  25.3077        235
  25.3271        206
  25.3466        221
  25.3661        231
  25.3856        226
  25.4050        230
  25.4245        234
  25.4440        234
  25.4635        233
  25.4829        234
  25.5024        233
  25.5219        233
  25.5414        221
  25.5608        232
  25.5803        242
  25.5998        240
  25.6193        226
  25.6387        230
  25.6582        238
  25.6777        238
  25.6972        221
  25.7166        238
  25.7361        231
  25.7556        230
  25.7751        218
  25.7945        247
  25.8140        218
  25.8335        216
  25.8530        247
  25.8725        215
  25.8919        253
  25.9114        220
  25.9309        220
  25.9504        225
  25.9698        210
  25.9893        222
  26.0088        246
  26.0283        257
  26.0477        230
  26.0672        234
  26.0867        227
  26.1062        207
  26.1256        246
  26.1451        228
  26.1646        231
  26.1841        230
  26.2035        235
  26.2230        213
  26.2425        227
  26.2620        214
  26.2814        253
  26.3009        220
  26.3204        216
  26.3399        236
  26.3593        205
  26.3788        225
  26.3983        217
  26.4178        243
  26.4372        245
  26.4567        223
  26.4762        218
  26.4957        215
  26.5151        239
  26.5346        208
  26.5541        264
  26.5736        231
  26.5930        251
  26.6125        227
  26.6320        235
  26.6515        274
  26.6709        258
  26.6904        303
  26.7099        354
  26.7294        387
  26.7488        497
  26.7683        926
  26.7878       2646
  26.8073       5238
  26.8267       4466
  26.8462       3582
  26.8657       3915
  26.8852       3614
  26.9046       2167
  26.9241       2088
  26.9436       1703
  26.9631        758
  26.9825        538
  27.0020        747
  27.0215        542
  27.0410        333
  27.0605        320
  27.0799        272
  27.0994        266
  27.1189        289
  27.1384        242
  27.1578        220
  27.1773        221
  27.1968        213
  27.2163        203
  27.2357        232
  27.2552        209
  27.2747        220
  27.2942        224
  27.3136        223
  27.3331        227
  27.3526        220
  27.3721        201
  27.3915        219
  27.4110        212
  27.4305        215
  27.4500        210
  27.4694        201
  27.4889        214
  27.5084        211
  27.5279        208
  27.5473        195
  27.5668        185
  27.5863        209
  27.6058        177
  27.6252        212
  27.6447        206
  27.6642        222
  27.6837        212
  27.7031        183
  27.7226        198
  27.7421        200
  27.7616        202
  27.7810        197
  27.8005        200
  27.8200        215
  27.8395        206
  27.8589        224
  27.8784        230
  27.8979        206
  27.9174        218
  27.9368        232
  27.9563        190
  27.9758        216
  27.9953        193
  28.0147        209
  28.0342        201
  28.0537        205
  28.0732        183
  28.0926        170
  28.1121        185
  28.1316        232
  28.1511        190
  28.1705        203
  28.1900        190
  28.2095        198
  28.2290        206
  28.2484        183
  28.2679        189
  28.2874        200
  28.3069        200
  28.3264        173
  28.3458        192
  28.3653        208
  28.3848        208
  28.4043        182
  28.4237        176
  28.4432        194
  28.4627        188
  28.4822        186
  28.5016        189
  28.5211        185
  28.5406        196
  28.5601        183
  28.5795        182
  28.5990        209
  28.6185        223
  28.6380        191
  28.6574        188
  28.6769        199
  28.6964        167
  28.7159        180
  28.7353        185
  28.7548        188
  28.7743        195
  28.7938        203
  28.8132        203
  28.8327        180
  28.8522        183
  28.8717        182
  28.8911        186
  28.9106        192
  28.9301        185
  28.9496        207
  28.9690        165
  28.9885        200
  29.0080        175
  29.0275        183
  29.0469        180
  29.0664        169
  29.0859        193
  29.1054        161
  29.1248        179
  29.1443        179
  29.1638        189
  29.1833        158
  29.2027        182
  29.2222        183
  29.2417        164
  29.2612        177
  29.2806        171
  29.3001        184
  29.3196        194
  29.3391        210
  29.3585        164
  29.3780        151
  29.3975        200
  29.4170        186
  29.4364        156
  29.4559        147
  29.4754        188
  29.4949        168
  29.5144        170
  29.5338        181
  29.5533        169
  29.5728        158
  29.5923        197
  29.6117        168
  29.6312        146
  29.6507        156
  29.6702        171
  29.6896        192
  29.7091        149
  29.7286        158
  29.7481        169
  29.7675        178
  29.7870        184
  29.8065        163
  29.8260        152
  29.8454        153
  29.8649        163
  29.8844        160
  29.9039        156
  29.9233        169
  29.9428        173
  29.9623        174
  29.9818        169
  30.0012        172
  30.0207        178
  30.0402        156
  30.0597        190
  30.0791        177
  30.0986        159
  30.1181        158
  30.1376        157
  30.1570        157
  30.1765        179
  30.1960        187
  30.2155        140
  30.2349        186
  30.2544        128
  30.2739        145
  30.2934        178
  30.3128        177
  30.3323        176
  30.3518        158
  30.3713        151
  30.3907        154
  30.4102        158
  30.4297        186
  30.4492        146
  30.4686        126
  30.4881        164
  30.5076        165
  30.5271        173
  30.5465        143
  30.5660        166
  30.5855        167
  30.6050        144
  30.6244        158
  30.6439        178
  30.6634        155
  30.6829        145
  30.7024        179
  30.7218        170
  30.7413        143
  30.7608        163
  30.7803        175
  30.7997        152
  30.8192        149
  30.8387        156
  30.8582        160
  30.8776        161
  30.8971        176
  30.9166        182
  30.9361        146
  30.9555        178
  30.9750        162
  30.9945        156
  31.0140        165
  31.0334        155
  31.0529        142
  31.0724        153
  31.0919        156
  31.1113        179
  31.1308        144
  31.1503        157
  31.1698        154
  31.1892        151
  31.2087        144
  31.2282        174
  31.2477        185
  31.2671        167
  31.2866        152
  31.3061        165
  31.3256        156
  31.3450        156
  31.3645        140
  31.3840        156
  31.4035        182
  31.4229        174
  31.4424        124
  31.4619        161
  31.4814        154
  31.5008        148
  31.5203        175
  31.5398        158
  31.5593        160
  31.5787        145
  31.5982        134
  31.6177        142
  31.6372        151
  31.6566        139
  31.6761        153
  31.6956        147
  31.7151        140
  31.7345        145
  31.7540        158
  31.7735        196
  31.7930        208
  31.8124        171
  31.8319        133
  31.8514        179
  31.8709        203
  31.8903        157
  31.9098        143
  31.9293        173
  31.9488        183
  31.9683        144
  31.9877        149
  32.0072        149
  32.0267        162
  32.0462        149
  32.0656        140
  32.0851        143
  32.1046        143
  32.1241        141
  32.1435        140
  32.1630        161
  32.1825        144
  32.2020        133
  32.2214        139
  32.2409        141
  32.2604        119
  32.2799        155
  32.2993        146
  32.3188        140
  32.3383        163
  32.3578        152
  32.3772        129
  32.3967        140
  32.4162        134
  32.4357        171
  32.4551        153
  32.4746        135
  32.4941        133
  32.5136        154
  32.5330        124
  32.5525        167
  32.5720        166
  32.5915        141
  32.6109        135
  32.6304        160
  32.6499        156
  32.6694        120
  32.6888        134
  32.7083        144
  32.7278        137
  32.7473        142
  32.7667        133
  32.7862        134
  32.8057        123
  32.8252        145
  32.8446        147
  32.8641        141
  32.8836        134
  32.9031        168
  32.9225        151
  32.9420        136
  32.9615        158
  32.9810        150
  33.0004        129
  33.0199        140
  33.0394        121
  33.0589        123
  33.0783        152
  33.0978        119
  33.1173        151
  33.1368        134
  33.1563        132
  33.1757        143
  33.1952        128
  33.2147        169
  33.2342        148
  33.2536        147
  33.2731        106
  33.2926        131
  33.3121        155
  33.3315        127
  33.3510        120
  33.3705        151
  33.3900        132
  33.4094        153
  33.4289        123
  33.4484        124
  33.4679        139
  33.4873        134
  33.5068        149
  33.5263        127
  33.5458        124
  33.5652        136
  33.5847        155
  33.6042        144
  33.6237        127
  33.6431        142
  33.6626        148
  33.6821        126
  33.7016        129
  33.7210        127
  33.7405        138
  33.7600        126
  33.7795        120
  33.7989        127
  33.8184        134
  33.8379        132
  33.8574        126
  33.8768        148
  33.8963        116
  33.9158        111
  33.9353        148
  33.9547        124
  33.9742        140
  33.9937        128
  34.0132        142
  34.0326        154
  34.0521        124
  34.0716        144
  34.0911        160
  34.1105        128
  34.1300        124
  34.1495        119
  34.1690        134
  34.1884        152
  34.2079        145
  34.2274        123
  34.2469        141
  34.2663        117
  34.2858        124
  34.3053        113
  34.3248        121
  34.3443        128
  34.3637        156
  34.3832        116
  34.4027        129
  34.4222        110
  34.4416        125
  34.4611        119
  34.4806        133
  34.5001        120
  34.5195        135
  34.5390        148
  34.5585        122
  34.5780        117
  34.5974        132
  34.6169        121
  34.6364        121
  34.6559        124
  34.6753        124
  34.6948        129
  34.7143        124
  34.7338        125
  34.7532        126
  34.7727        128
  34.7922        133
  34.8117        114
  34.8311        127
  34.8506        104
  34.8701        113
  34.8896        122
  34.9090        144
  34.9285        119
  34.9480        124
  34.9675        127
  34.9869        106
  35.0064        126
  35.0259        120
  35.0454        112
  35.0648         99
  35.0843        103
  35.1038        131
  35.1233        122
  35.1427        123
  35.1622        124
  35.1817        128
  35.2012        119
  35.2206        116
  35.2401        143
  35.2596        122
  35.2791        130
  35.2985        109
  35.3180        126
  35.3375        122
  35.3570        133
  35.3764        115
  35.3959        112
  35.4154        123
  35.4349         92
  35.4543        116
  35.4738         92
  35.4933        123
  35.5128        113
  35.5322        121
  35.5517        115
  35.5712        108
  35.5907         95
  35.6102        112
  35.6296        105
  35.6491        136
  35.6686        136
  35.6881        114
  35.7075        103
  35.7270        119
  35.7465        123
  35.7660        111
  35.7854        106
  35.8049        107
  35.8244        119
  35.8439        108
  35.8633        127
  35.8828        103
  35.9023        120
  35.9218        112
  35.9412        114
  35.9607         93
  35.9802        114
  35.9997        115
  36.0191        112
  36.0386        119
  36.0581         99
  36.0776        116
  36.0970        118
  36.1165        113
  36.1360        103
  36.1555        113
  36.1749         99
  36.1944         98
  36.2139        116
  36.2334        119
  36.2528        117
  36.2723        119
  36.2918         99
  36.3113        130
  36.3307        116
  36.3502        107
  36.3697        122
  36.3892        125
  36.4086         98
  36.4281        118
  36.4476        106
  36.4671        101
  36.4865        109
  36.5060        117
  36.5255        132
  36.5450        111
  36.5644        111
  36.5839        117
  36.6034        102
  36.6229        116
  36.6423        104
  36.6618        110
  36.6813        102
  36.7008        109
  36.7202        120
  36.7397        112
  36.7592        111
  36.7787        103
  36.7982        118
  36.8176        115
  36.8371        118
  36.8566        106
  36.8761        116
  36.8955        113
  36.9150        101
  36.9345        107
  36.9540         83
  36.9734        114
  36.9929         95
  37.0124         98
  37.0319        120
  37.0513        118
  37.0708        106
  37.0903        122
  37.1098        137
  37.1292        115
  37.1487        106
  37.1682        131
  37.1877        114
  37.2071         94
  37.2266        107
  37.2461        103
  37.2656        109
  37.2850        115
  37.3045        114
  37.3240         88
  37.3435         97
  37.3629        110
  37.3824         95
  37.4019         99
  37.4214        114
  37.4408         87
  37.4603         99
  37.4798         99
  37.4993        107
  37.5187        108
  37.5382        101
  37.5577        108
  37.5772         89
  37.5966         98
  37.6161        118
  37.6356         93
  37.6551         81
  37.6745         96
  37.6940         96
  37.7135         97
  37.7330        107
  37.7524         92
  37.7719         99
  37.7914         96
  37.8109        118
  37.8303         97
  37.8498        117
  37.8693        102
  37.8888        101
  37.9082        105
  37.9277         99
  37.9472         93
  37.9667        109
  37.9861        112
  38.0056        112
  38.0251         99
  38.0446         95
  38.0641         96
  38.0835         88
  38.1030         91
  38.1225        102
  38.1420        115
  38.1614         85
  38.1809         99
  38.2004        103
  38.2199        101
  38.2393        118
  38.2588        107
  38.2783         92
  38.2978        107
  38.3172         94
  38.3367        104
  38.3562        103
  38.3757         94
  38.3951         98
  38.4146         97
  38.4341        109
  38.4536        114
  38.4730         95
  38.4925         80
  38.5120         91
  38.5315        120
  38.5509         98
  38.5704         87
  38.5899         99
  38.6094         91
  38.6288         90
  38.6483         83
  38.6678         96
  38.6873         99
  38.7067         93
  38.7262         93
  38.7457         88
  38.7652        101
  38.7846         95
  38.8041         84
  38.8236         85
  38.8431         88
  38.8625        102
  38.8820         93
  38.9015        108
  38.9210         91
  38.9404        104
  38.9599        108
  38.9794         78
  38.9989        101
  39.0183        112
  39.0378         88
  39.0573         85
  39.0768         92
  39.0962        114
  39.1157        102
  39.1352        104
  39.1547         82
  39.1741        107
  39.1936         89
  39.2131         87
  39.2326        108
  39.2521         99
  39.2715         95
  39.2910         95
  39.3105        101
  39.3300         96
  39.3494         89
  39.3689        100
  39.3884         91
  39.4079         91
  39.4273         87
  39.4468         91
  39.4663         91
  39.4858         98
  39.5052         81
  39.5247         98
  39.5442         95
  39.5637        101
  39.5831         82
  39.6026         93
  39.6221        109
  39.6416         98
  39.6610         95
  39.6805        102
  39.7000        123
  39.7195        114
  39.7389        248
  39.7584        267
  39.7779        172
  39.7974        110
  39.8168        111
  39.8363        149
  39.8558        187
  39.8753        130
  39.8947        106
  39.9142         91
  39.9337         93
  39.9532         94
  39.9726         99
  39.9921         95
  40.0116        116
  40.0311        101
  40.0505         83
  40.0700         84
  40.0895         91
  40.1090        103
  40.1284         99
  40.1479         95
  40.1674        111
  40.1869         90
  40.2063        101
  40.2258        108
  40.2453         91
  40.2648         78
  40.2842         74
  40.3037         84
  40.3232         92
  40.3427         77
  40.3621         98
  40.3816         88
  40.4011         91
  40.4206         95
  40.4401         92
  40.4595        100
  40.4790         87
  40.4985         93
  40.5180         74
  40.5374        102
  40.5569         80
  40.5764         99
  40.5959         99
  40.6153         96
  40.6348         94
  40.6543        111
  40.6738         82
  40.6932         92
  40.7127         92
  40.7322         79
  40.7517         66
  40.7711         82
  40.7906         94
  40.8101        101
  40.8296         96
  40.8490         86
  40.8685         84
  40.8880         81
  40.9075         94
  40.9269        103
  40.9464         83
  40.9659         90
  40.9854         78
  41.0048        100
  41.0243         81
  41.0438         91
  41.0633         91
  41.0827         96
  41.1022         81
  41.1217         82
  41.1412         91
  41.1606         85
  41.1801         84
  41.1996        102
  41.2191        102
  41.2385        110
  41.2580         92
  41.2775        100
  41.2970         74
  41.3164        102
  41.3359         92
  41.3554         81
  41.3749         84
  41.3943         95
  41.4138         76
  41.4333         80
  41.4528         94
  41.4722         87
  41.4917         75
  41.5112         96
  41.5307         92
  41.5501         84
  41.5696         93
  41.5891         74
  41.6086         69
  41.6280         78
  41.6475         78
  41.6670         85
  41.6865        101
  41.7060         73
  41.7254         84
  41.7449         68
  41.7644         78
  41.7839         90
  41.8033         84
  41.8228         70
  41.8423         86
  41.8618         92
  41.8812        101
  41.9007         73
  41.9202         79
  41.9397         73
  41.9591         87
  41.9786         83
  41.9981         89
  42.0176         88
  42.0370         78
  42.0565         73
  42.0760         85
  42.0955         71
  42.1149         82
  42.1344         87
  42.1539         79
  42.1734         91
  42.1928         82
  42.2123         88
  42.2318         91
  42.2513         86
  42.2707         76
  42.2902         98
  42.3097         70
  42.3292         75
  42.3486         93
  42.3681         87
  42.3876         99
  42.4071         75
  42.4265         81
  42.4460         89
  42.4655         91
  42.4850         87
  42.5044         95
  42.5239         86
  42.5434        101
  42.5629        103
  42.5823         76
  42.6018         84
  42.6213         75
  42.6408         84
  42.6602         99
  42.6797        108
  42.6992         76
  42.7187         74
  42.7381         77
  42.7576         75
  42.7771         73
  42.7966         72
  42.8160         75
  42.8355         95
  42.8550         92
  42.8745         91
  42.8940         90
  42.9134         68
  42.9329         75
  42.9524         71
  42.9719         67
  42.9913         83
  43.0108         85
  43.0303         60
  43.0498         89
  43.0692         78
  43.0887         83
  43.1082         83
  43.1277         76
  43.1471         74
  43.1666         85
  43.1861         78
  43.2056         70
  43.2250         88
  43.2445         97
  43.2640         75
  43.2835         83
  43.3029         70
  43.3224         85
  43.3419         80
  43.3614         78
  43.3808         75
  43.4003         69
  43.4198         89
  43.4393         91
  43.4587         71
  43.4782         77
  43.4977         76
  43.5172         66
  43.5366         64
  43.5561         98
  43.5756         78
  43.5951         75
  43.6145         85
  43.6340         70
  43.6535         74
  43.6730         80
  43.6924         75
  43.7119         72
  43.7314         75
  43.7509         58
  43.7703         89
  43.7898         86
  43.8093         85
  43.8288         61
  43.8482         84
  43.8677         91
  43.8872         75
  43.9067         70
  43.9261         83
  43.9456         74
  43.9651         75
  43.9846         94
  44.0040         57
  44.0235         75
  44.0430         80
  44.0625         68
  44.0819         82
  44.1014         88
  44.1209         83
  44.1404         73
  44.1599         73
  44.1793         85
  44.1988         75
  44.2183         77
  44.2378         63
  44.2572         74
  44.2767         89
  44.2962         83
  44.3157         69
  44.3351         79
  44.3546         77
  44.3741         76
  44.3936         70
  44.4130         81
  44.4325         61
  44.4520         68
  44.4715         71
  44.4909         64
  44.5104         75
  44.5299         66
  44.5494         74
  44.5688         80
  44.5883         83
  44.6078         63
  44.6273         78
  44.6467         71
  44.6662         87
  44.6857         81
  44.7052         75
  44.7246         76
  44.7441         78
  44.7636         77
  44.7831         75
  44.8025         60
  44.8220         71
  44.8415         86
  44.8610         86
  44.8804         70
  44.8999         78
  44.9194         87
  44.9389         81
  44.9583         74
  44.9778         62
  44.9973         58
  45.0168         85
  45.0362         58
  45.0557         63
  45.0752         66
  45.0947         71
  45.1141         57
  45.1336         79
  45.1531         62
  45.1726         82
  45.1920         65
  45.2115         62
  45.2310         92
  45.2505         71
  45.2699         80
  45.2894         79
  45.3089         79
  45.3284         56
  45.3479         79
  45.3673         68
  45.3868         73
  45.4063         81
  45.4258         79
  45.4452         58
  45.4647         73
  45.4842         83
  45.5037         65
  45.5231         75
  45.5426         62
  45.5621         51
  45.5816         64
  45.6010         68
  45.6205         65
  45.6400         70
  45.6595         72
  45.6789         67
  45.6984         76
  45.7179         74
  45.7374         75
  45.7568         57
  45.7763         80
  45.7958         80
  45.8153         65
  45.8347         77
  45.8542         67
  45.8737         74
  45.8932         62
  45.9126         66
  45.9321         65
  45.9516         77
  45.9711         72
  45.9905         74
  46.0100         65
  46.0295         71
  46.0490         71
  46.0684         75
  46.0879         77
  46.1074         52
  46.1269         66
  46.1463         77
  46.1658         74
  46.1853         72
  46.2048         81
  46.2242         58
  46.2437         60
  46.2632         72
  46.2827         55
  46.3021         65
  46.3216         74
  46.3411         63
  46.3606         73
  46.3800         84
  46.3995         52
  46.4190         71
  46.4385         73
  46.4579         66
  46.4774         61
  46.4969         79
  46.5164         61
  46.5359         69
  46.5553         74
  46.5748         73
  46.5943         69
  46.6138         71
  46.6332         78
  46.6527         77
  46.6722         49
  46.6917         66
  46.7111         64
  46.7306         63
  46.7501         67
  46.7696         70
  46.7890         70
  46.8085         74
  46.8280         69
  46.8475         67
  46.8669         71
  46.8864         70
  46.9059         80
  46.9254         61
  46.9448         74
  46.9643         61
  46.9838         72
  47.0033         61
  47.0227         66
  47.0422         71
  47.0617         66
  47.0812         77
  47.1006         64
  47.1201         71
  47.1396         54
  47.1591         55
  47.1785         66
  47.1980         71
  47.2175         59
  47.2370         57
  47.2564         52
  47.2759         60
  47.2954         56
  47.3149         65
  47.3343         78
  47.3538         68
  47.3733         63
  47.3928         51
  47.4122         66
  47.4317         60
  47.4512         59
  47.4707         76
  47.4901         59
  47.5096         60
  47.5291         69
  47.5486         69
  47.5680         83
  47.5875         50
  47.6070         54
  47.6265         72
  47.6459         48
  47.6654         63
  47.6849         81
  47.7044         66
  47.7238         77
  47.7433         63
  47.7628         50
  47.7823         67
  47.8018         47
  47.8212         54
  47.8407         69
  47.8602         58
  47.8797         65
  47.8991         54
  47.9186         74
  47.9381         59
  47.9576         56
  47.9770         76
  47.9965         57
  48.0160         56
  48.0355         64
  48.0549         71
  48.0744         68
  48.0939         67
  48.1134         63
  48.1328         57
  48.1523         59
  48.1718         48
  48.1913         80
  48.2107         67
  48.2302         65
  48.2497         75
  48.2692         60
  48.2886         77
  48.3081         72
  48.3276         63
  48.3471         60
  48.3665         54
  48.3860         74
  48.4055         61
  48.4250         64
  48.4444         58
  48.4639         61
  48.4834         51
  48.5029         46
  48.5223         51
  48.5418         65
  48.5613         55
  48.5808         53
  48.6002         54
  48.6197         60
  48.6392         56
  48.6587         63
  48.6781         67
  48.6976         57
  48.7171         67
  48.7366         60
  48.7560         59
  48.7755         67
  48.7950         76
  48.8145         68
  48.8339         76
  48.8534         56
  48.8729         56
  48.8924         58
  48.9118         58
  48.9313         56
  48.9508         73
  48.9703         57
  48.9898         51
  49.0092         68
  49.0287         54
  49.0482         53
  49.0677         62
  49.0871         61
  49.1066         72
  49.1261         58
  49.1456         61
  49.1650         53
  49.1845         62
  49.2040         59
  49.2235         57
  49.2429         61
  49.2624         70
  49.2819         58
  49.3014         61
  49.3208         57
  49.3403         54
  49.3598         76
  49.3793         61
  49.3987         53
  49.4182         46
  49.4377         58
  49.4572         61
  49.4766         66
  49.4961         62
  49.5156         67
  49.5351         58
  49.5545         61
  49.5740         55
  49.5935         54
  49.6130         61
  49.6324         49
  49.6519         53
  49.6714         76
  49.6909         66
  49.7103         61
  49.7298         59
  49.7493         72
  49.7688         69
  49.7882         57
  49.8077         61
  49.8272         70
  49.8467         65
  49.8661         54
  49.8856         62
  49.9051         53
  49.9246         60
  49.9440         46
  49.9635         49
  49.9830         64
  50.0025         64
  50.0219         77
  50.0414         58
  50.0609         60
  50.0804         55
  50.0998         73
  50.1193         60
  50.1388         47
  50.1583         55
  50.1778         67
  50.1972         70
  50.2167         73
  50.2362         69
  50.2557         86
  50.2751         83
  50.2946         91
  50.3141         98
  50.3336         69
  50.3530         84
  50.3725         67
  50.3920        103
  50.4115         70
  50.4309         62
  50.4504         77
  50.4699         69
  50.4894         73
  50.5088         62
  50.5283         68
  50.5478         64
  50.5673         57
  50.5867         66
  50.6062         57
  50.6257         70
  50.6452         62
  50.6646         55
  50.6841         72
  50.7036         65
  50.7231         60
  50.7425         66
  50.7620         54
  50.7815         47
  50.8010         57
  50.8204         53
  50.8399         65
  50.8594         62
  50.8789         64
  50.8983         72
  50.9178         63
  50.9373         46
  50.9568         64
  50.9762         54
  50.9957         51
  51.0152         66
  51.0347         51
  51.0541         60
  51.0736         73
  51.0931         54
  51.1126         44
  51.1320         53
  51.1515         52
  51.1710         45
  51.1905         56
  51.2099         67
  51.2294         52
  51.2489         41
  51.2684         57
  51.2878         48
  51.3073         50
  51.3268         71
  51.3463         51
  51.3657         56
  51.3852         46
  51.4047         54
  51.4242         44
  51.4437         60
  51.4631         44
  51.4826         49
  51.5021         71
  51.5216         56
  51.5410         46
  51.5605         56
  51.5800         60
  51.5995         58
  51.6189         63
  51.6384         61
  51.6579         43
  51.6774         44
  51.6968         41
  51.7163         50
  51.7358         53
  51.7553         52
  51.7747         60
  51.7942         56
  51.8137         52
  51.8332         61
  51.8526         74
  51.8721         53
  51.8916         56
  51.9111         48
  51.9305         54
  51.9500         52
  51.9695         63
  51.9890         54
  52.0084         49
  52.0279         52
  52.0474         49
  52.0669         69
  52.0863         55
  52.1058         73
  52.1253         49
  52.1448         51
  52.1642         60
  52.1837         47
  52.2032         54
  52.2227         60
  52.2421         42
  52.2616         53
  52.2811         55
  52.3006         58
  52.3200         63
  52.3395         55
  52.3590         50
  52.3785         69
  52.3979         64
  52.4174         52
  52.4369         50
  52.4564         59
  52.4758         56
  52.4953         59
  52.5148         43
  52.5343         53
  52.5537         53
  52.5732         62
  52.5927         51
  52.6122         56
  52.6317         64
  52.6511         43
  52.6706         58
  52.6901         56
  52.7096         57
  52.7290         55
  52.7485         55
  52.7680         50
  52.7875         61
  52.8069         61
  52.8264         55
  52.8459         50
  52.8654         43
  52.8848         53
  52.9043         45
  52.9238         41
  52.9433         44
  52.9627         45
  52.9822         50
  53.0017         58
  53.0212         53
  53.0406         63
  53.0601         51
  53.0796         45
  53.0991         53
  53.1185         60
  53.1380         43
  53.1575         60
  53.1770         58
  53.1964         50
  53.2159         43
  53.2354         50
  53.2549         57
  53.2743         54
  53.2938         53
  53.3133         53
  53.3328         39
  53.3522         58
  53.3717         46
  53.3912         30
  53.4107         58
  53.4301         50
  53.4496         49
  53.4691         66
  53.4886         56
  53.5080         51
  53.5275         47
  53.5470         62
  53.5665         56
  53.5859         49
  53.6054         46
  53.6249         52
  53.6444         54
  53.6638         51
  53.6833         48
  53.7028         62
  53.7223         39
  53.7417         46
  53.7612         50
  53.7807         50
  53.8002         36
  53.8197         58
  53.8391         57
  53.8586         60
  53.8781         40
  53.8976         53
  53.9170         55
  53.9365         46
  53.9560         58
  53.9755         65
  53.9949         58
  54.0144         48
  54.0339         66
  54.0534         56
  54.0728         57
  54.0923         40
  54.1118         59
  54.1313         60
  54.1507         55
  54.1702         53
  54.1897         62
  54.2092         45
  54.2286         51
  54.2481         59
  54.2676         52
  54.2871         53
  54.3065         51
  54.3260         33
  54.3455         48
  54.3650         49
  54.3844         57
  54.4039         62
  54.4234         44
  54.4429         55
  54.4623         56
  54.4818         59
  54.5013         42
  54.5208         44
  54.5402         50
  54.5597         49
  54.5792         69
  54.5987         54
  54.6181         40
  54.6376         63
  54.6571         67
  54.6766         64
  54.6960         52
  54.7155         54
  54.7350         53
  54.7545         70
  54.7739         70
  54.7934         50
  54.8129         63
  54.8324         69
  54.8518         80
  54.8713         71
  54.8908         96
  54.9103        104
  54.9297        156
  54.9492        290
  54.9687        506
  54.9882        723
  55.0076        702
  55.0271        499
  55.0466        328
  55.0661        279
  55.0856        228
  55.1050        246
  55.1245        365
  55.1440        423
  55.1635        397
  55.1829        241
  55.2024        199
  55.2219        133
  55.2414        111
  55.2608         90
  55.2803         65
  55.2998         59
  55.3193         86
  55.3387         57
  55.3582         73
  55.3777         62
  55.3972         72
  55.4166         74
  55.4361         89
  55.4556        158
  55.4751        346
  55.4945        533
  55.5140        489
  55.5335        384
  55.5530        212
  55.5724        121
  55.5919         99
  55.6114        151
  55.6309        239
  55.6503        289
  55.6698        240
  55.6893        192
  55.7088        143
  55.7282         92
  55.7477         69
  55.7672         74
  55.7867         50
  55.8061         70
  55.8256         52
  55.8451         53
  55.8646         52
  55.8840         57
  55.9035         42
  55.9230         43
  55.9425         45
  55.9619         51
  55.9814         54
  56.0009         50
  56.0204         47
  56.0398         56
  56.0593         58
  56.0788         40
  56.0983         64
  56.1177         57
  56.1372         67
  56.1567         50
  56.1762         56
  56.1956         51
  56.2151         52
  56.2346         51
  56.2541         44
  56.2736         59
  56.2930         36
  56.3125         48
  56.3320         41
  56.3515         54
  56.3709         39
  56.3904         48
  56.4099         49
  56.4294         40
  56.4488         60
  56.4683         55
  56.4878         51
  56.5073         39
  56.5267         49
  56.5462         57
  56.5657         59
  56.5852         43
  56.6046         46
  56.6241         40
  56.6436         51
  56.6631         53
  56.6825         58
  56.7020         51
  56.7215         48
  56.7410         58
  56.7604         47
  56.7799         50
  56.7994         53
  56.8189         44
  56.8383         47
  56.8578         53
  56.8773         38
  56.8968         51
  56.9162         33
  56.9357         37
  56.9552         47
  56.9747         36
  56.9941         44
  57.0136         56
  57.0331         50
  57.0526         46
  57.0720         49
  57.0915         50
  57.1110         55
  57.1305         52
  57.1499         45
  57.1694         43
  57.1889         56
  57.2084         47
  57.2278         51
  57.2473         33
  57.2668         39
  57.2863         55
  57.3057         51
  57.3252         60
  57.3447         41
  57.3642         55
  57.3836         33
  57.4031         50
  57.4226         56
  57.4421         42
  57.4615         45
  57.4810         51
  57.5005         47
  57.5200         35
  57.5395         37
  57.5589         34
  57.5784         40
  57.5979         55
  57.6174         49
  57.6368         45
  57.6563         44
  57.6758         46
  57.6953         37
  57.7147         48
  57.7342         52
  57.7537         47
  57.7732         45
  57.7926         40
  57.8121         46
  57.8316         43
  57.8511         46
  57.8705         43
  57.8900         54
  57.9095         45
  57.9290         36
  57.9484         42
  57.9679         40
  57.9874         46
  58.0069         47
  58.0263         61
  58.0458         43
  58.0653         52
  58.0848         41
  58.1042         40
  58.1237         37
  58.1432         49
  58.1627         51
  58.1821         56
  58.2016         47
  58.2211         44
  58.2406         45
  58.2600         40
  58.2795         44
  58.2990         44
  58.3185         40
  58.3379         50
  58.3574         51
  58.3769         57
  58.3964         41
  58.4158         45
  58.4353         45
  58.4548         55
  58.4743         45
  58.4937         45
  58.5132         46
  58.5327         58
  58.5522         50
  58.5716         53
  58.5911         58
  58.6106         47
  58.6301         44
  58.6495         47
  58.6690         35
  58.6885         44
  58.7080         56
  58.7275         35
  58.7469         32
  58.7664         46
  58.7859         43
  58.8054         49
  58.8248         37
  58.8443         36
  58.8638         54
  58.8833         35
  58.9027         57
  58.9222         42
  58.9417         41
  58.9612         50
  58.9806         62
  59.0001         43
  59.0196         44
  59.0391         44
  59.0585         46
  59.0780         43
  59.0975         44
  59.1170         46
  59.1364         57
  59.1559         54
  59.1754         52
  59.1949         43
  59.2143         40
  59.2338         44
  59.2533         47
  59.2728         46
  59.2922         54
  59.3117         45
  59.3312         53
  59.3507         43
  59.3701         43
  59.3896         43
  59.4091         52
  59.4286         45
  59.4480         44
  59.4675         40
  59.4870         37
  59.5065         22
  59.5259         44
  59.5454         31
  59.5649         46
  59.5844         35
  59.6038         41
  59.6233         46
  59.6428         48
  59.6623         57
  59.6817         55
  59.7012         39
  59.7207         39
  59.7402         45
  59.7596         46
  59.7791         52
  59.7986         49
  59.8181         51
  59.8375         56
  59.8570         59
  59.8765         44
  59.8960         45
  59.9155         54
  59.9349         51
  59.9544         50
  59.9739         53
  59.9934         54
  60.0128         56
  60.0323         60
  60.0518         84
  60.0713        152
  60.0907        145
  60.1102         64
  60.1297         58
  60.1492         51
  60.1686         59
  60.1881         48
  60.2076         62
  60.2271         84
  60.2465        104
  60.2660         56
  60.2855         59
  60.3050         61
  60.3244         55
  60.3439         47
  60.3634         52
  60.3829         61
  60.4023         48
  60.4218         49
  60.4413         58
  60.4608         49
  60.4802         50
  60.4997         50
  60.5192         45
  60.5387         39
  60.5581         36
  60.5776         41
  60.5971         37
  60.6166         50
  60.6360         37
  60.6555         56
  60.6750         42
  60.6945         42
  60.7139         43
  60.7334         57
  60.7529         48
  60.7724         45
  60.7918         46
  60.8113         50
  60.8308         37
  60.8503         49
  60.8697         32
  60.8892         38
  60.9087         34
  60.9282         34
  60.9476         35
  60.9671         56
  60.9866         52
  61.0061         45
  61.0255         45
  61.0450         36
  61.0645         59
  61.0840         54
  61.1034         39
  61.1229         36
  61.1424         33
  61.1619         44
  61.1814         55
  61.2008         39
  61.2203         47
  61.2398         64
  61.2593         36
  61.2787         39
  61.2982         53
  61.3177         44
  61.3372         29
  61.3566         47
  61.3761         38
  61.3956         35
  61.4151         53
  61.4345         43
  61.4540         41
  61.4735         40
  61.4930         40
  61.5124         42
  61.5319         44
  61.5514         49
  61.5709         41
  61.5903         54
  61.6098         39
  61.6293         28
  61.6488         56
  61.6682         44
  61.6877         31
  61.7072         56
  61.7267         48
  61.7461         57
  61.7656         36
  61.7851         40
  61.8046         40
  61.8240         44
  61.8435         37
  61.8630         55
  61.8825         45
  61.9019         40
  61.9214         40
  61.9409         47
  61.9604         46
  61.9798         50
  61.9993         45
  62.0188         34
  62.0383         46
  62.0577         38
  62.0772         51
  62.0967         53
  62.1162         45
  62.1356         40
  62.1551         49
  62.1746         41
  62.1941         41
  62.2135         43
  62.2330         34
  62.2525         36
  62.2720         54
  62.2914         40
  62.3109         30
  62.3304         40
  62.3499         49
  62.3694         51
  62.3888         49
  62.4083         38
  62.4278         33
  62.4473         35
  62.4667         34
  62.4862         44
  62.5057         48
  62.5252         46
  62.5446         47
  62.5641         44
  62.5836         48
  62.6031         38
  62.6225         41
  62.6420         39
  62.6615         43
  62.6810         37
  62.7004         33
  62.7199         30
  62.7394         45
  62.7589         54
  62.7783         43
  62.7978         45
  62.8173         48
  62.8368         28
  62.8562         37
  62.8757         49
  62.8952         48
  62.9147         46
  62.9341         37
  62.9536         43
  62.9731         44
  62.9926         45
  63.0120         36
  63.0315         41
  63.0510         54
  63.0705         39
  63.0899         41
  63.1094         38
  63.1289         43
  63.1484         49
  63.1678         28
  63.1873         39
  63.2068         38
  63.2263         40
  63.2457         36
  63.2652         47
  63.2847         45
  63.3042         39
  63.3236         36
  63.3431         55
  63.3626         46
  63.3821         31
  63.4015         38
  63.4210         41
  63.4405         42
  63.4600         45
  63.4794         41
  63.4989         37
  63.5184         37
  63.5379         44
  63.5574         40
  63.5768         32
  63.5963         33
  63.6158         37
  63.6353         37
  63.6547         45
  63.6742         44
  63.6937         43
  63.7132         42
  63.7326         43
  63.7521         53
  63.7716         37
  63.7911         32
  63.8105         42
  63.8300         48
  63.8495         44
  63.8690         35
  63.8884         48
  63.9079         42
  63.9274         36
  63.9469         38
  63.9663         37
  63.9858         43
  64.0053         42
  64.0248         46
  64.0442         41
  64.0637         52
  64.0832         31
  64.1027         47
  64.1221         29
  64.1416         40
  64.1611         48
  64.1806         42
  64.2000         50
  64.2195         38
  64.2390         45
  64.2585         38
  64.2779         45
  64.2974         46
  64.3169         45
  64.3364         42
  64.3558         45
  64.3753         39
  64.3948         31
  64.4143         46
  64.4337         43
  64.4532         33
  64.4727         38
  64.4922         29
  64.5116         57
  64.5311         33
  64.5506         35
  64.5701         32
  64.5895         41
  64.6090         47
  64.6285         41
  64.6480         43
  64.6674         38
  64.6869         39
  64.7064         34
  64.7259         39
  64.7453         55
  64.7648         34
  64.7843         33
  64.8038         39
  64.8233         43
  64.8427         38
  64.8622         41
  64.8817         44
  64.9012         39
  64.9206         45
  64.9401         47
  64.9596         55
  64.9791         32
  64.9985         46
  65.0180         48
  65.0375         33
  65.0570         41
  65.0764         38
  65.0959         54
  65.1154         40
  65.1349         44
  65.1543         45
  65.1738         38
  65.1933         38
  65.2128         34
  65.2322         46
  65.2517         35
  65.2712         26
  65.2907         48
  65.3101         46
  65.3296         42
  65.3491         42
  65.3686         28
  65.3880         44
  65.4075         41
  65.4270         34
  65.4465         36
  65.4659         38
  65.4854         41
  65.5049         33
  65.5244         34
  65.5438         29
  65.5633         29
  65.5828         35
  65.6023         30
  65.6217         38
  65.6412         32
  65.6607         45
  65.6802         41
  65.6996         36
  65.7191         42
  65.7386         36
  65.7581         47
  65.7775         24
  65.7970         29
  65.8165         47
  65.8360         38
  65.8554         42
  65.8749         52
  65.8944         36
  65.9139         42
  65.9333         33
  65.9528         53
  65.9723         34
  65.9918         43
  66.0113         35
  66.0307         43
  66.0502         41
  66.0697         37
  66.0892         48
  66.1086         51
  66.1281         38
  66.1476         38
  66.1671         40
  66.1865         39
  66.2060         44
  66.2255         42
  66.2450         36
  66.2644         47
  66.2839         55
  66.3034         42
  66.3229         49
  66.3423         31
  66.3618         41
  66.3813         40
  66.4008         38
  66.4202         44
  66.4397         36
  66.4592         47
  66.4787         54
  66.4981         33
  66.5176         57
  66.5371         42
  66.5566         39
  66.5760         39
  66.5955         34
  66.6150         41
  66.6345         31
  66.6539         37
  66.6734         36
  66.6929         50
  66.7124         34
  66.7318         44
  66.7513         42
  66.7708         38
  66.7903         48
  66.8097         39
  66.8292         31
  66.8487         42
  66.8682         50
  66.8876         52
  66.9071         45
  66.9266         44
  66.9461         43
  66.9655         36
  66.9850         39
  67.0045         46
  67.0240         47
  67.0434         33
  67.0629         38
  67.0824         35
  67.1019         38
  67.1213         49
  67.1408         52
  67.1603         35
  67.1798         45
  67.1992         42
  67.2187         32
  67.2382         67
  67.2577         54
  67.2772         39
  67.2966         37
  67.3161         39
  67.3356         46
  67.3551         41
  67.3745         56
  67.3940         55
  67.4135         36
  67.4330         40
  67.4524         35
  67.4719         40
  67.4914         44
  67.5109         44
  67.5303         49
  67.5498         38
  67.5693         38
  67.5888         37
  67.6082         40
  67.6277         45
  67.6472         52
  67.6667         42
  67.6861         34
  67.7056         37
  67.7251         59
  67.7446         48
  67.7640         64
  67.7835         71
  67.8030         56
  67.8225         61
  67.8419         47
  67.8614         50
  67.8809         49
  67.9004         46
  67.9198         62
  67.9393         81
  67.9588         60
  67.9783         57
  67.9977         52
  68.0172         68
  68.0367         53
  68.0562         51
  68.0756         71
  68.0951         85
  68.1146        111
  68.1341         72
  68.1535         74
  68.1730         59
  68.1925         59
  68.2120         71
  68.2314         75
  68.2509         64
  68.2704        105
  68.2899        118
  68.3093        137
  68.3288        161
  68.3483        195
  68.3678        441
  68.3872       1042
  68.4067       1546
  68.4262       1152
  68.4457        520
  68.4652        287
  68.4846        170
  68.5041        153
  68.5236        140
  68.5431        180
  68.5625        299
  68.5820        596
  68.6015        785
  68.6210        601
  68.6404        282
  68.6599        147
  68.6794         96
  68.6989         91
  68.7183         64
  68.7378         66
  68.7573         41
  68.7768         54
  68.7962         57
  68.8157         54
  68.8352         46
  68.8547         43
  68.8741         40
  68.8936         51
  68.9131         50
  68.9326         46
  68.9520         39
  68.9715         38
  68.9910         53
  69.0105         35
  69.0299         47
  69.0494         35
  69.0689         41
  69.0884         47
  69.1078         37
  69.1273         41
  69.1468         40
  69.1663         52
  69.1857         49
  69.2052         36
  69.2247         39
  69.2442         29
  69.2636         37
  69.2831         46
  69.3026         36
  69.3221         37
  69.3415         44
  69.3610         56
  69.3805         42
  69.4000         49
  69.4194         39
  69.4389         45
  69.4584         43
  69.4779         41
  69.4973         32
  69.5168         38
  69.5363         35
  69.5558         41
  69.5752         32
  69.5947         44
  69.6142         35
  69.6337         41
  69.6532         39
  69.6726         39
  69.6921         38
  69.7116         30
  69.7311         49
  69.7505         42
  69.7700         35
  69.7895         32
  69.8090         50
  69.8284         34
  69.8479         45
  69.8674         48
  69.8869         46
  69.9063         42
  69.9258         38
  69.9453         47
  69.9648         43
  69.9842         33
  70.0037         30
  70.0232         32
  70.0427         38
  70.0621         47
  70.0816         43
  70.1011         41
  70.1206         29
  70.1400         34
  70.1595         23
  70.1790         42
  70.1985         45
  70.2179         44
  70.2374         36
  70.2569         38
  70.2764         38
  70.2958         34
  70.3153         32
  70.3348         35
  70.3543         31
  70.3737         37
  70.3932         39
  70.4127         35
  70.4322         27
  70.4516         39
  70.4711         39
  70.4906         31
  70.5101         40
  70.5295         38
  70.5490         32
  70.5685         27
  70.5880         29
  70.6074         43
  70.6269         37
  70.6464         41
  70.6659         36
  70.6853         42
  70.7048         34
  70.7243         38
  70.7438         45
  70.7632         46
  70.7827         31
  70.8022         41
  70.8217         39
  70.8411         37
  70.8606         44
  70.8801         38
  70.8996         47
  70.9191         36
  70.9385         30
  70.9580         43
  70.9775         40
  70.9970         37
  71.0164         44
  71.0359         48
  71.0554         39
  71.0749         37
  71.0943         42
  71.1138         39
  71.1333         54
  71.1528         49
  71.1722         34
  71.1917         37
  71.2112         40
  71.2307         53
  71.2501         45
  71.2696         36
  71.2891         36
  71.3086         37
  71.3280         33
  71.3475         29
  71.3670         49
  71.3865         35
  71.4059         33
  71.4254         40
  71.4449         38
  71.4644         45
  71.4838         43
  71.5033         36
  71.5228         36
  71.5423         47
  71.5617         37
  71.5812         30
  71.6007         29
  71.6202         34
  71.6396         37
  71.6591         37
  71.6786         33
  71.6981         36
  71.7175         42
  71.7370         34
  71.7565         35
  71.7760         31
  71.7954         31
  71.8149         44
  71.8344         27
  71.8539         36
  71.8733         37
  71.8928         31
  71.9123         35
  71.9318         54
  71.9512         36
  71.9707         40
  71.9902         38
  72.0097         42
  72.0291         41
  72.0486         34
  72.0681         42
  72.0876         41
  72.1071         39
  72.1265         37
  72.1460         32
  72.1655         31
  72.1850         41
  72.2044         44
  72.2239         35
  72.2434         31
  72.2629         46
  72.2823         29
  72.3018         31
  72.3213         35
  72.3408         28
  72.3602         29
  72.3797         33
  72.3992         42
  72.4187         36
  72.4381         31
  72.4576         43
  72.4771         36
  72.4966         43
  72.5160         51
  72.5355         33
  72.5550         32
  72.5745         35
  72.5939         31
  72.6134         38
  72.6329         31
  72.6524         31
  72.6718         37
  72.6913         27
  72.7108         41
  72.7303         46
  72.7497         31
  72.7692         40
  72.7887         43
  72.8082         44
  72.8276         43
  72.8471         33
  72.8666         34
  72.8861         31
  72.9055         33
  72.9250         35
  72.9445         28
  72.9640         36
  72.9834         28
  73.0029         34
  73.0224         33
  73.0419         33
  73.0613         40
  73.0808         39
  73.1003         46
  73.1198         39
  73.1392         32
  73.1587         31
  73.1782         45
  73.1977         33
  73.2171         37
  73.2366         34
  73.2561         40
  73.2756         25
  73.2951         37
  73.3145         27
  73.3340         42
  73.3535         48
  73.3730         39
  73.3924         40
  73.4119         39
  73.4314         53
  73.4509         37
  73.4703         22
  73.4898         36
  73.5093         28
  73.5288         47
  73.5482         51
  73.5677         33
  73.5872         40
  73.6067         34
  73.6261         47
  73.6456         45
  73.6651         38
  73.6846         48
  73.7040         31
  73.7235         42
  73.7430         40
  73.7625         34
  73.7819         42
  73.8014         47
  73.8209         31
  73.8404         39
  73.8598         53
  73.8793         44
  73.8988         42
  73.9183         41
  73.9377         38
  73.9572         36
  73.9767         32
  73.9962         37
  74.0156         41
  74.0351         39
  74.0546         34
  74.0741         35
  74.0935         39
  74.1130         39
  74.1325         45
  74.1520         44
  74.1714         43
  74.1909         50
  74.2104         42
  74.2299         30
  74.2493         56
  74.2688         38
  74.2883         37
  74.3078         44
  74.3272         40
  74.3467         47
  74.3662         41
  74.3857         49
  74.4051         39
  74.4246         43
  74.4441         47
  74.4636         46
  74.4830         45
  74.5025         51
  74.5220         64
  74.5415         64
  74.5610         76
  74.5804         68
  74.5999         73
  74.6194         59
  74.6389         71
  74.6583         64
  74.6778         51
  74.6973         45
  74.7168         51
  74.7362         41
  74.7557         51
  74.7752         44
  74.7947         45
  74.8141         40
  74.8336         39
  74.8531         43
  74.8726         42
  74.8920         38
  74.9115         43
  74.9310         39
  74.9505         29
  74.9699         40
  74.9894         26
  75.0089         36
  75.0284         37
  75.0478         35
  75.0673         33
  75.0868         36
  75.1063         30
  75.1257         34
  75.1452         38
  75.1647         32
  75.1842         46
  75.2036         33
  75.2231         48
  75.2426         40
  75.2621         32
  75.2815         51
  75.3010         38
  75.3205         35
  75.3400         56
  75.3594         42
  75.3789         35
  75.3984         29
  75.4179         38
  75.4373         48
  75.4568         49
  75.4763         31
  75.4958         33
  75.5152         33
  75.5347         38
  75.5542         44
  75.5737         31
  75.5931         40
  75.6126         37
  75.6321         41
  75.6516         31
  75.6710         42
  75.6905         44
  75.7100         43
  75.7295         45
  75.7490         47
  75.7684         64
  75.7879         37
  75.8074         35
  75.8269         46
  75.8463         40
  75.8658         47
  75.8853         61
  75.9048         45
  75.9242         41
  75.9437         43
  75.9632         36
  75.9827         58
  76.0021         41
  76.0216         33
  76.0411         47
  76.0606         39
  76.0800         44
  76.0995         35
  76.1190         35
  76.1385         27
  76.1579         27
  76.1774         32
  76.1969         29
  76.2164         33
  76.2358         44
  76.2553         35
  76.2748         30
  76.2943         27
  76.3137         33
  76.3332         37
  76.3527         33
  76.3722         42
  76.3916         32
  76.4111         31
  76.4306         41
  76.4501         35
  76.4695         41
  76.4890         31
  76.5085         40
  76.5280         34
  76.5474         45
  76.5669         28
  76.5864         23
  76.6059         32
  76.6253         34
  76.6448         32
  76.6643         31
  76.6838         43
  76.7032         38
  76.7227         39
  76.7422         38
  76.7617         43
  76.7811         25
  76.8006         31
  76.8201         36
  76.8396         37
  76.8590         42
  76.8785         44
  76.8980         32
  76.9175         25
  76.9369         38
  76.9564         39
  76.9759         47
  76.9954         32
  77.0149         33
  77.0343         31
  77.0538         33
  77.0733         31
  77.0928         34
  77.1122         28
  77.1317         35
  77.1512         24
  77.1707         37
  77.1901         29
  77.2096         34
  77.2291         33
  77.2486         38
  77.2680         39
  77.2875         38
  77.3070         39
  77.3265         37
  77.3459         34
  77.3654         33
  77.3849         30
  77.4044         36
  77.4238         35
  77.4433         32
  77.4628         34
  77.4823         36
  77.5017         42
  77.5212         36
  77.5407         41
  77.5602         31
  77.5796         33
  77.5991         34
  77.6186         38
  77.6381         35
  77.6575         36
  77.6770         33
  77.6965         32
  77.7160         41
  77.7354         41
  77.7549         31
  77.7744         49
  77.7939         41
  77.8133         38
  77.8328         49
  77.8523         27
  77.8718         27
  77.8912         25
  77.9107         48
  77.9302         43
  77.9497         37
  77.9691         38
  77.9886         35
  78.0081         34
  78.0276         28
  78.0470         33
  78.0665         35
  78.0860         37
  78.1055         39
  78.1249         42
  78.1444         34
  78.1639         35
  78.1834         20
  78.2029         48
  78.2223         32
  78.2418         41
  78.2613         40
  78.2808         39
  78.3002         34
  78.3197         30
  78.3392         40
  78.3587         22
  78.3781         27
  78.3976         35
  78.4171         48
  78.4366         52
  78.4560         44
  78.4755         37
  78.4950         44
  78.5145         42
  78.5339         42
  78.5534         46
  78.5729         32
  78.5924         25
  78.6118         37
  78.6313         39
  78.6508         39
  78.6703         40
  78.6897         34
  78.7092         31
  78.7287         30
  78.7482         35
  78.7676         42
  78.7871         34
  78.8066         36
  78.8261         37
  78.8455         34
  78.8650         40
  78.8845         42
  78.9040         37
  78.9234         40
  78.9429         32
  78.9624         29
  78.9819         32
  79.0013         39
  79.0208         40
  79.0403         42
  79.0598         32
  79.0792         25
  79.0987         29
  79.1182         23
  79.1377         31
  79.1571         44
  79.1766         44
  79.1961         42
  79.2156         43
  79.2350         33
  79.2545         32
  79.2740         30
  79.2935         35
  79.3129         41
  79.3324         33
  79.3519         47
  79.3714         44
  79.3909         36
  79.4103         34
  79.4298         35
  79.4493         26
  79.4688         34
  79.4882         50
  79.5077         40
  79.5272         41
  79.5467         38
  79.5661         41
  79.5856         38
  79.6051         37
  79.6246         32
  79.6440         33
  79.6635         25
  79.6830         30
  79.7025         34
  79.7219         46
  79.7414         36
  79.7609         22
  79.7804         33
  79.7998         39
  79.8193         38
  79.8388         36
  79.8583         44
  79.8777         40
  79.8972         65
  79.9167         56
  79.9362         46
  79.9556         35
  79.9751         39
  79.9946         50
