  10.0000       1110
  10.0195       1062
  10.0390       1165
  10.0584       1102
  10.0779       1155
  10.0974       1170
  10.1169       1111
  10.1363       1109
  10.1558       1112
  10.1753       1187
  10.1948       1134
  10.2142       1138
  10.2337       1138
  10.2532       1125
  10.2727       1140
  10.2921       1135
  10.3116       1198
  10.3311       1096
  10.3506       1084
  10.3700       1093
  10.3895       1108
  10.4090       1105
  10.4285       1109
  10.4479       1102
  10.4674       1084
  10.4869       1159
  10.5064       1134
  10.5258       1060
  10.5453       1173
  10.5648       1106
  10.5843       1104
  10.6037       1078
  10.6232       1082
  10.6427       1141
  10.6622       1053
  10.6816       1153
  10.7011       1170
  10.7206       1094
  10.7401       1109
  10.7595       1107
  10.7790       1081
  10.7985       1091
  10.8180       1147
  10.8374       1110
  10.8569       1101
  10.8764       1084
  10.8959       1067
  10.9153       1120
  10.9348       1112
  10.9543       1081
  10.9738       1123
  10.9932       1088
  11.0127       1030
  11.0322       1081
  11.0517       1080
  11.0711       1073
  11.0906       1057
  11.1101       1079
  11.1296       1094
  11.1490       1049
  11.1685       1025
  11.1880       1044
  11.2075       1091
  11.2270       1095
  11.2464       1091
  11.2659       1084
  11.2854       1097
  11.3049       1118
  11.3243       1089
  11.3438       1045
  11.3633       1070
  11.3828       1030
  11.4022       1094
  11.4217       1003
  11.4412       1060
  11.4607       1064
  11.4801       1136
  11.4996       1020
  11.5191       1095
  11.5386       1084
  11.5580       1130
  11.5775       1077
  11.5970       1022
  11.6165       1026
  11.6359       1009
  11.6554       1095
  11.6749       1060
  11.6944       1115
  11.7138       1079
  11.7333       1071
  11.7528        989
  11.7723       1114
  11.7917       1069
  11.8112       1018
  11.8307       1059
  11.8502       1091
  11.8696       1062
  11.8891       1047
  11.9086       1027
  11.9281       1036
  11.9475       1088
  11.9670       1025
  11.9865       1022
  12.0060       1087
  12.0254       1113
  12.0449       1112
  12.0644       1048
  12.0839       1048
  12.1033        988
  12.1228       1066
  12.1423       1046
  12.1618       1064
  12.1812       1015
  12.2007       1053
  12.2202       1067
  12.2397        999
  12.2591       1013
  12.2786       1024
  12.2981       1031
  12.3176       1016
  12.3370       1052
  12.3565       1038
  12.3760       1045
  12.3955       1005
  12.4149       1078
  12.4344       1017
  12.4539       1015
  12.4734       1082
  12.4929       1016
  12.5123        995
  12.5318       1026
  12.5513       1005
  12.5708       1016
  12.5902       1002
  12.6097       1016
  12.6292        936
  12.6487       1022
  12.6681       1033
  12.6876       1010
  12.7071        993
  12.7266        970
  12.7460        991
  12.7655       1025
  12.7850        998
  12.8045       1027
  12.8239        944
  12.8434        927
  12.8629        976
  12.8824       1001
  12.9018        947
  12.9213        967
  12.9408       1045
  12.9603       1033
  12.9797       1019
  12.9992        967
  13.0187       1019
  13.0382       1052
  13.0576       1001
  13.0771        964
  13.0966       1052
  13.1161        970
  13.1355        999
  13.1550       1022
  13.1745        965
  13.1940       1021
  13.2134       1004
  13.2329       1039
  13.2524        963
  13.2719        986
  13.2913        962
  13.3108       1017
  13.3303       1025
  13.3498        962
  13.3692       1001
  13.3887        964
  13.4082        994
  13.4277        999
  13.4471       1008
  13.4666        951
  13.4861        967
  13.5056       1034
  13.5250        984
  13.5445        972
  13.5640       1030
  13.5835        985
  13.6029        987
  13.6224        970
  13.6419        954
  13.6614       1003
  13.6809        988
  13.7003        938
  13.7198        997
  13.7393        987
  13.7588        962
  13.7782        982
  13.7977       1000
  13.8172        947
  13.8367       1023
  13.8561       1002
  13.8756        952
  13.8951        973
  13.9146        957
  13.9340        981
  13.9535        977
  13.9730        955
  13.9925       1013
  14.0119        956
  14.0314        981
  14.0509        997
  14.0704        968
  14.0898        981
  14.1093       1002
  14.1288        909
  14.1483        948
  14.1677        981
  14.1872        928
  14.2067       1005
  14.2262       1019
  14.2456        942
  14.2651       1006
  14.2846        972
  14.3041        992
  14.3235        952
  14.3430        963
  14.3625        977
  14.3820        950
  14.4014        971
  14.4209        931
  14.4404        955
  14.4599        992
  14.4793        959
  14.4988        977
  14.5183        925
  14.5378        939
  14.5572        986
  14.5767        998
  14.5962        903
  14.6157        941
  14.6351        929
  14.6546        973
  14.6741        970
  14.6936       1008
  14.7130        939
  14.7325        964
  14.7520        931
  14.7715        909
  14.7909        968
  14.8104        989
  14.8299        931
  14.8494       1008
  14.8689        958
  14.8883        901
  14.9078        918
  14.9273        964
  14.9468        944
  14.9662       1036
  14.9857        931
  15.0052        902
  15.0247        879
  15.0441        908
  15.0636        953
  15.0831        973
  15.1026        983
  15.1220        903
  15.1415        916
  15.1610        967
  15.1805        974
  15.1999        971
  15.2194        952
  15.2389        943
  15.2584        960
  15.2778        967
  15.2973        970
  15.3168        877
  15.3363        938
  15.3557        929
  15.3752        910
  15.3947        903
  15.4142        937
  15.4336        905
  15.4531        978
  15.4726        887
  15.4921        990
  15.5115        943
  15.5310        955
  15.5505        926
  15.5700        946
  15.5894        956
  15.6089        967
  15.6284        969
  15.6479        894
  15.6673        920
  15.6868        962
  15.7063        936
  15.7258        908
  15.7452        921
  15.7647        947
  15.7842        936
  15.8037        937
  15.8231        901
  15.8426        942
  15.8621        972
  15.8816        920
  15.9010        885
  15.9205        890
  15.9400        911
  15.9595        913
  15.9789        939
  15.9984        941
  16.0179        948
  16.0374        935
  16.0568        922
  16.0763        952
  16.0958        959
  16.1153        980
  16.1348        931
  16.1542        964
  16.1737        951
  16.1932        946
  16.2127        948
  16.2321        931
  16.2516        892
  16.2711        940
  16.2906        906
  16.3100        915
  16.3295        942
  16.3490        923
  16.3685        946
  16.3879        933
  16.4074        948
  16.4269        930
  16.4464        929
  16.4658        941
  16.4853        927
  16.5048        929
  16.5243        916
  16.5437        951
  16.5632        927
  16.5827        909
  16.6022        868
  16.6216        917
  16.6411        979
  16.6606        977
  16.6801        967
  16.6995        956
  16.7190        933
  16.7385        898
  16.7580        921
  16.7774        909
  16.7969        894
  16.8164        978
  16.8359        964
  16.8553        905
  16.8748        968
  16.8943        936
  16.9138        995
  16.9332        922
  16.9527        933
  16.9722        917
  16.9917        900
  17.0111        949
  17.0306        936
  17.0501        937
  17.0696        949
  17.0890        934
  17.1085        947
  17.1280        941
  17.1475        904
  17.1669        918
  17.1864        925
  17.2059        922
  17.2254        924
  17.2448        900
  17.2643        933
  17.2838        938
  17.3033        920
  17.3228        934
  17.3422        893
  17.3617        894
  17.3812        962
  17.4007        927
  17.4201        965
  17.4396        930
  17.4591        983
  17.4786        888
  17.4980        910
  17.5175        874
  17.5370        942
  17.5565        893
  17.5759        913
  17.5954        928
  17.6149        970
  17.6344        958
  17.6538        926
  17.6733        952
  17.6928        940
  17.7123        920
  17.7317        930
  17.7512        956
  17.7707        932
  17.7902        910
  17.8096        910
  17.8291        893
  17.8486        880
  17.8681        911
  17.8875        932
  17.9070        899
  17.9265        895
  17.9460        896
  17.9654        932
  17.9849        904
  18.0044        937
  18.0239        937
  18.0433        922
  18.0628        903
  18.0823        937
  18.1018        980
  18.1212        950
  18.1407        841
  18.1602        959
  18.1797        924
  18.1991        896
  18.2186        954
  18.2381        958
  18.2576        913
  18.2770        948
  18.2965        887
  18.3160        931
  18.3355        929
  18.3549        963
  18.3744        970
  18.3939        964
  18.4134        965
  18.4328        924
  18.4523        995
  18.4718        919
  18.4913        964
  18.5107        935
  18.5302        951
  18.5497        926
  18.5692        980
  18.5887        947
  18.6081        935
  18.6276        957
  18.6471        989
  18.6666        883
  18.6860        951
  18.7055        985
  18.7250        953
  18.7445        959
  18.7639        901
  18.7834        961
  18.8029        959
  18.8224        949
  18.8418        893
  18.8613        902
  18.8808        915
  18.9003        972
  18.9197        919
  18.9392        875
  18.9587        937
  18.9782        963
  18.9976        985
  19.0171        952
  19.0366        975
  19.0561        864
  19.0755        941
  19.0950        916
  19.1145        917
  19.1340        942
  19.1534        980
  19.1729       1018
  19.1924        937
  19.2119        977
  19.2313        917
  19.2508       1014
  19.2703        979
  19.2898        937
  19.3092        947
  19.3287        981
  19.3482        927
  19.3677        862
  19.3871        942
  19.4066        915
  19.4261        972
  19.4456        936
  19.4650        950
  19.4845        921
  19.5040        936
  19.5235        984
  19.5429        957
  19.5624       1000
  19.5819        960
  19.6014        973
  19.6208        968
  19.6403        892
  19.6598        890
  19.6793        985
  19.6987        908
  19.7182        979
  19.7377        964
  19.7572        958
  19.7767        899
  19.7961        944
  19.8156        926
  19.8351        937
  19.8546       1007
  19.8740        992
  19.8935        968
  19.9130        973
  19.9325        961
  19.9519        981
  19.9714        944
  19.9909        980
  20.0104        919
  20.0298        893
  20.0493        919
  20.0688        964
  20.0883        883
  20.1077        950
  20.1272        924
  20.1467        963
  20.1662        929
  20.1856        965
  20.2051        943
  20.2246        979
  20.2441        896
  20.2635        902
  20.2830        917
  20.3025        943
  20.3220        915
  20.3414        956
  20.3609        952
  20.3804        943
  20.3999        949
  20.4193       1001
  20.4388        951
  20.4583        931
  20.4778        972
  20.4972        866
  20.5167        975
  20.5362        973
  20.5557        972
  20.5751        894
  20.5946        962
  20.6141        923
  20.6336        957
  20.6530        917
  20.6725        936
  20.6920        981
  20.7115        967
  20.7309        975
  20.7504       1011
  20.7699       1008
  20.7894        970
  20.8088        983
  20.8283        972
  20.8478        962
  20.8673        978
  20.8867        999
  20.9062        975
  20.9257       1008
  20.9452        924
  20.9647       1000
  20.9841        939
  21.0036        962
  21.0231        968
  21.0426       1043
  21.0620        983
  21.0815        917
  21.1010        994
  21.1205        994
  21.1399       1017
  21.1594        999
  21.1789        954
  21.1984        919
  21.2178        955
  21.2373        972
  21.2568        996
  21.2763        962
  21.2957       1015
  21.3152        948
  21.3347        912
  21.3542        974
  21.3736        901
  21.3931        951
  21.4126        973
  21.4321        956
  21.4515        977
  21.4710        971
  21.4905        956
  21.5100       1010
  21.5294        923
  21.5489        939
  21.5684       1002
  21.5879        951
  21.6073        912
  21.6268        954
  21.6463        945
  21.6658        968
  21.6852        962
  21.7047        977
  21.7242        965
  21.7437        928
  21.7631        967
  21.7826        998
  21.8021        969
  21.8216       1000
  21.8410        960
  21.8605       1001
  21.8800       1004
  21.8995        935
  21.9189        940
  21.9384        977
  21.9579       1003
  21.9774        970
  21.9968        966
  22.0163        948
  22.0358        964
  22.0553        976
  22.0747        929
  22.0942        994
  22.1137        988
  22.1332        941
  22.1526        972
  22.1721        988
  22.1916        979
  22.2111       1023
  22.2306        970
  22.2500        975
  22.2695        974
  22.2890        933
  22.3085        956
  22.3279        963
  22.3474        973
  22.3669       1013
  22.3864        953
  22.4058        983
  22.4253        994
  22.4448        918
  22.4643        965
  22.4837        932
  22.5032       1001
  22.5227        976
  22.5422        966
  22.5616        968
  22.5811        947
  22.6006        933
  22.6201        962
  22.6395        907
  22.6590       1027
  22.6785        944
  22.6980        927
  22.7174        925
  22.7369        977
  22.7564        962
  22.7759        965
  22.7953        962
  22.8148        965
  22.8343       1011
  22.8538        935
  22.8732        912
  22.8927        921
  22.9122        915
  22.9317        974
  22.9511        981
  22.9706        952
  22.9901        908
  23.0096        960
  23.0290        942
  23.0485        882
  23.0680        953
  23.0875        934
  23.1069        982
  23.1264        984
  23.1459        959
  23.1654        941
  23.1848        929
  23.2043        899
  23.2238        992
  23.2433        919
  23.2627        952
  23.2822        978
  23.3017        926
  23.3212        902
  23.3406        932
  23.3601        933
  23.3796        916
  23.3991        907
  23.4186        916
  23.4380        895
  23.4575        933
  23.4770        884
  23.4965        945
  23.5159        879
  23.5354        999
  23.5549        927
  23.5744        943
  23.5938        954
  23.6133        980
  23.6328        910
  23.6523        950
  23.6717        897
  23.6912        948
  23.7107        900
  23.7302        901
  23.7496        876
  23.7691        925
  23.7886        914
  23.8081        934
  23.8275        961
  23.8470        893
  23.8665        928
  23.8860        951
  23.9054        925
  23.9249        924
  23.9444        938
  23.9639        935
  23.9833        929
  24.0028        957
  24.0223        927
  24.0418        937
  24.0612        906
  24.0807        916
  24.1002        906
  24.1197        942
  24.1391        906
  24.1586        959
  24.1781        934
  24.1976        967
  24.2170        890
  24.2365        956
  24.2560        963
  24.2755        864
  24.2949        831
  24.3144        935
  24.3339        916
  24.3534        933
  24.3728        881
  24.3923        930
  24.4118        855
  24.4313        960
  24.4507        904
  24.4702        892
  24.4897        945
  24.5092        904
  24.5286        882
  24.5481        949
  24.5676        837
  24.5871        901
  24.6065        886
  24.6260        845
  24.6455        928
  24.6650        924
  24.6845        919
  24.7039        934
  24.7234        898
  24.7429        861
  24.7624        875
  24.7818        897
  24.8013        921
  24.8208        872
  24.8403        926
  24.8597        914
  24.8792        874
  24.8987        885
  24.9182        840
  24.9376        882
  24.9571        915
  24.9766        883
  24.9961        827
  25.0155        814
  25.0350        863
  25.0545        860
  25.0740        906
  25.0934        880
  25.1129        925
  25.1324        893
  25.1519        908
  25.1713        829
  25.1908        856
  25.2103        888
  25.2298        877
  25.2492        879
  25.2687        894
  25.2882        878
  25.3077        873
  25.3271        896
  25.3466        844
  25.3661        878
  25.3856        855
  25.4050        836
  25.4245        908
  25.4440        852
  25.4635        877
  25.4829        914
  25.5024        867
  25.5219        853
  25.5414        835
  25.5608        804
  25.5803        844
  25.5998        813
  25.6193        866
  25.6387        857
  25.6582        863
  25.6777        873
  25.6972        831
  25.7166        916
  25.7361        845
  25.7556        790
  25.7751        871
  25.7945        848
  25.8140        804
  25.8335        819
  25.8530        903
  25.8725        828
  25.8919        832
  25.9114        936
  25.9309        793
  25.9504        845
  25.9698        797
  25.9893        827
  26.0088        810
  26.0283        862
  26.0477        778
  26.0672        798
  26.0867        827
  26.1062        826
  26.1256        828
  26.1451        831
  26.1646        820
  26.1841        845
  26.2035        831
  26.2230        839
  26.2425        879
  26.2620        810
  26.2814        872
  26.3009        845
  26.3204        811
  26.3399        847
  26.3593        814
  26.3788        790
  26.3983        834
  26.4178        769
  26.4372        799
  26.4567        855
  26.4762        831
  26.4957        846
  26.5151        781
  26.5346        827
  26.5541        793
  26.5736        817
  26.5930        813
  26.6125        846
  26.6320        846
  26.6515        738
  26.6709        821
  26.6904        837
  26.7099        729
  26.7294        822
  26.7488        790
  26.7683        879
  26.7878        749
  26.8073        814
  26.8267        830
  26.8462        769
  26.8657        824
  26.8852        770
  26.9046        737
  26.9241        800
  26.9436        792
  26.9631        773
  26.9825        796
  27.0020        769
  27.0215        756
  27.0410        861
  27.0605        802
  27.0799        807
  27.0994        797
  27.1189        807
  27.1384        728
  27.1578        808
  27.1773        803
  27.1968        761
  27.2163        742
  27.2357        770
  27.2552        767
  27.2747        806
  27.2942        780
  27.3136        797
  27.3331        750
  27.3526        750
  27.3721        769
  27.3915        743
  27.4110        726
  27.4305        781
  27.4500        783
  27.4694        744
  27.4889        721
  27.5084        757
  27.5279        746
  27.5473        748
  27.5668        788
  27.5863        762
  27.6058        736
  27.6252        706
  27.6447        761
  27.6642        742
  27.6837        754
  27.7031        751
  27.7226        734
  27.7421        703
  27.7616        770
  27.7810        742
  27.8005        762
  27.8200        797
  27.8395        779
  27.8589        732
  27.8784        729
  27.8979        773
  27.9174        786
  27.9368        756
  27.9563        736
  27.9758        763
  27.9953        737
  28.0147        743
  28.0342        763
  28.0537        751
  28.0732        734
  28.0926        738
  28.1121        688
  28.1316        765
  28.1511        682
  28.1705        726
  28.1900        738
  28.2095        756
  28.2290        771
  28.2484        726
  28.2679        692
  28.2874        762
  28.3069        703
  28.3264        719
  28.3458        704
  28.3653        687
  28.3848        713
  28.4043        749
  28.4237        740
  28.4432        706
  28.4627        704
  28.4822        706
  28.5016        768
  28.5211        760
  28.5406        720
  28.5601        708
  28.5795        697
  28.5990        702
  28.6185        745
  28.6380        687
  28.6574        735
  28.6769        737
  28.6964        693
  28.7159        692
  28.7353        690
  28.7548        775
  28.7743        726
  28.7938        707
  28.8132        736
  28.8327        684
  28.8522        672
  28.8717        678
  28.8911        695
  28.9106        684
  28.9301        685
  28.9496        664
  28.9690        703
  28.9885        707
  29.0080        747
  29.0275        747
  29.0469        718
  29.0664        654
  29.0859        674
  29.1054        651
  29.1248        668
  29.1443        721
  29.1638        683
  29.1833        641
  29.2027        686
  29.2222        697
  29.2417        679
  29.2612        654
  29.2806        634
  29.3001        629
  29.3196        740
  29.3391        669
  29.3585        679
  29.3780        675
  29.3975        703
  29.4170        686
  29.4364        705
  29.4559        671
  29.4754        659
  29.4949        723
  29.5144        749
  29.5338        679
  29.5533        670
  29.5728        659
  29.5923        677
  29.6117        667
  29.6312        683
  29.6507        654
  29.6702        681
  29.6896        652
  29.7091        664
  29.7286        685
  29.7481        662
  29.7675        685
  29.7870        679
  29.8065        727
  29.8260        642
  29.8454        683
  29.8649        682
  29.8844        683
  29.9039        651
  29.9233        684
  29.9428        703
  29.9623        649
  29.9818        571
  30.0012        657
  30.0207        660
  30.0402        666
  30.0597        676
  30.0791        697
  30.0986        689
  30.1181        683
  30.1376        652
  30.1570        658
  30.1765        650
  30.1960        615
  30.2155        676
  30.2349        688
  30.2544        630
  30.2739        699
  30.2934        606
  30.3128        639
  30.3323        656
  30.3518        671
  30.3713        642
  30.3907        645
  30.4102        644
  30.4297        666
  30.4492        651
  30.4686        635
  30.4881        654
  30.5076        673
  30.5271        643
  30.5465        623
  30.5660        613
  30.5855        648
  30.6050        618
  30.6244        684
  30.6439        685
  30.6634        624
  30.6829        592
  30.7024        614
  30.7218        602
  30.7413        630
  30.7608        644
  30.7803        593
  30.7997        634
  30.8192        608
  30.8387        659
  30.8582        599
  30.8776        660
  30.8971        618
  30.9166        644
  30.9361        633
  30.9555        624
  30.9750        613
  30.9945        639
  31.0140        626
  31.0334        628
  31.0529        563
  31.0724        621
  31.0919        618
  31.1113        623
  31.1308        599
  31.1503        638
  31.1698        600
  31.1892        574
  31.2087        612
  31.2282        569
  31.2477        615
  31.2671        622
  31.2866        648
  31.3061        605
  31.3256        596
  31.3450        587
  31.3645        631
  31.3840        594
  31.4035        591
  31.4229        604
  31.4424        604
  31.4619        566
  31.4814        625
  31.5008        617
  31.5203        612
  31.5398        631
  31.5593        562
  31.5787        631
  31.5982        586
  31.6177        639
  31.6372        617
  31.6566        541
  31.6761        572
  31.6956        624
  31.7151        616
  31.7345        558
  31.7540        552
  31.7735        558
  31.7930        566
  31.8124        580
  31.8319        621
  31.8514        583
  31.8709        590
  31.8903        571
  31.9098        650
  31.9293        562
  31.9488        597
  31.9683        565
  31.9877        553
  32.0072        616
  32.0267        591
  32.0462        554
  32.0656        548
  32.0851        530
  32.1046        575
  32.1241        606
  32.1435        564
  32.1630        541
  32.1825        564
  32.2020        545
  32.2214        569
  32.2409        564
  32.2604        569
  32.2799        548
  32.2993        542
  32.3188        540
  32.3383        557
  32.3578        533
  32.3772        576
  32.3967        547
  32.4162        553
  32.4357        567
  32.4551        546
  32.4746        563
  32.4941        560
  32.5136        533
  32.5330        517
  32.5525        597
  32.5720        556
  32.5915        546
  32.6109        563
  32.6304        567
  32.6499        511
  32.6694        533
  32.6888        518
  32.7083        508
  32.7278        602
  32.7473        556
  32.7667        596
  32.7862        542
  32.8057        531
  32.8252        570
  32.8446        495
  32.8641        540
  32.8836        560
  32.9031        539
  32.9225        548
  32.9420        534
  32.9615        558
  32.9810        505
  33.0004        521
  33.0199        517
  33.0394        537
  33.0589        504
  33.0783        563
  33.0978        531
  33.1173        545
  33.1368        526
  33.1563        550
  33.1757        556
  33.1952        492
  33.2147        544
  33.2342        540
  33.2536        513
  33.2731        491
  33.2926        493
  33.3121        532
  33.3315        502
  33.3510        502
  33.3705        477
  33.3900        508
  33.4094        496
  33.4289        493
  33.4484        512
  33.4679        510
  33.4873        504
  33.5068        512
  33.5263        549
  33.5458        552
  33.5652        544
  33.5847        503
  33.6042        496
  33.6237        560
  33.6431        491
  33.6626        467
  33.6821        476
  33.7016        458
  33.7210        509
  33.7405        510
  33.7600        533
  33.7795        494
  33.7989        508
  33.8184        482
  33.8379        492
  33.8574        498
  33.8768        494
  33.8963        484
  33.9158        490
  33.9353        498
  33.9547        519
  33.9742        517
  33.9937        486
  34.0132        472
  34.0326        485
  34.0521        528
  34.0716        467
  34.0911        448
  34.1105        499
  34.1300        466
  34.1495        503
  34.1690        475
  34.1884        484
  34.2079        488
  34.2274        493
  34.2469        495
  34.2663        460
  34.2858        494
  34.3053        461
  34.3248        488
  34.3443        462
  34.3637        442
  34.3832        474
  34.4027        501
  34.4222        502
  34.4416        447
  34.4611        475
  34.4806        477
  34.5001        448
  34.5195        482
  34.5390        481
  34.5585        438
  34.5780        489
  34.5974        385
  34.6169        435
  34.6364        484
  34.6559        452
  34.6753        501
  34.6948        456
  34.7143        454
  34.7338        449
  34.7532        477
  34.7727        490
  34.7922        438
  34.8117        469
  34.8311        434
  34.8506        467
  34.8701        464
  34.8896        439
  34.9090        453
  34.9285        459
  34.9480        478
  34.9675        441
  34.9869        452
  35.0064        445
  35.0259        485
  35.0454        440
  35.0648        426
  35.0843        438
  35.1038        482
  35.1233        452
  35.1427        468
  35.1622        448
  35.1817        441
  35.2012        469
  35.2206        440
  35.2401        424
  35.2596        462
  35.2791        444
  35.2985        434
  35.3180        440
  35.3375        437
  35.3570        431
  35.3764        447
  35.3959        428
  35.4154        422
  35.4349        444
  35.4543        437
  35.4738        437
  35.4933        421
  35.5128        427
  35.5322        435
  35.5517        413
  35.5712        406
  35.5907        431
  35.6102        433
  35.6296        467
  35.6491        452
  35.6686        398
  35.6881        417
  35.7075        438
  35.7270        415
  35.7465        431
  35.7660        412
  35.7854        433
  35.8049        434
  35.8244        382
  35.8439        447
  35.8633        403
  35.8828        398
  35.9023        429
  35.9218        416
  35.9412        420
  35.9607        432
  35.9802        386
  35.9997        424
  36.0191        430
  36.0386        384
  36.0581        447
  36.0776        394
  36.0970        402
  36.1165        369
  36.1360        374
  36.1555        403
  36.1749        379
  36.1944        414
  36.2139        390
  36.2334        416
  36.2528        438
  36.2723        384
  36.2918        363
  36.3113        390
  36.3307        407
  36.3502        407
  36.3697        370
  36.3892        406
  36.4086        369
  36.4281        380
  36.4476        405
  36.4671        403
  36.4865        387
  36.5060        388
  36.5255        390
  36.5450        375
  36.5644        392
  36.5839        374
  36.6034        381
  36.6229        375
  36.6423        392
  36.6618        344
  36.6813        387
  36.7008        361
  36.7202        412
  36.7397        364
  36.7592        394
  36.7787        395
  36.7982        408
  36.8176        365
  36.8371        351
  36.8566        380
  36.8761        360
  36.8955        314
  36.9150        394
  36.9345        366
  36.9540        350
  36.9734        358
  36.9929        364
  37.0124        392
  37.0319        406
  37.0513        402
  37.0708        382
  37.0903        353
  37.1098        373
  37.1292        398
  37.1487        389
  37.1682        339
  37.1877        354
  37.2071        383
  37.2266        371
  37.2461        389
  37.2656        369
  37.2850        370
  37.3045        385
  37.3240        354
  37.3435        358
  37.3629        356
  37.3824        388
  37.4019        394
  37.4214        368
  37.4408        376
  37.4603        374
  37.4798        348
  37.4993        369
  37.5187        372
  37.5382        392
  37.5577        322
  37.5772        360
  37.5966        398
  37.6161        360
  37.6356        342
  37.6551        332
  37.6745        332
  37.6940        350
  37.7135        395
  37.7330        401
  37.7524        350
  37.7719        379
  37.7914        374
  37.8109        332
  37.8303        338
  37.8498        359
  37.8693        349
  37.8888        348
  37.9082        324
  37.9277        369
  37.9472        332
  37.9667        346
  37.9861        362
  38.0056        333
  38.0251        351
  38.0446        348
  38.0641        348
  38.0835        340
  38.1030        332
  38.1225        341
  38.1420        328
  38.1614        318
  38.1809        361
  38.2004        353
  38.2199        325
  38.2393        355
  38.2588        350
  38.2783        363
  38.2978        366
  38.3172        345
  38.3367        367
  38.3562        342
  38.3757        355
  38.3951        303
  38.4146        331
  38.4341        331
  38.4536        339
  38.4730        337
  38.4925        368
  38.5120        358
  38.5315        361
  38.5509        374
  38.5704        345
  38.5899        364
  38.6094        348
  38.6288        365
  38.6483        347
  38.6678        338
  38.6873        338
  38.7067        367
  38.7262        318
  38.7457        359
  38.7652        339
  38.7846        323
  38.8041        313
  38.8236        342
  38.8431        333
  38.8625        342
  38.8820        340
  38.9015        346
  38.9210        351
  38.9404        323
  38.9599        325
  38.9794        303
  38.9989        321
  39.0183        355
  39.0378        332
  39.0573        344
  39.0768        322
  39.0962        366
  39.1157        314
  39.1352        320
  39.1547        331
  39.1741        340
  39.1936        320
  39.2131        322
  39.2326        341
  39.2521        362
  39.2715        310
  39.2910        336
  39.3105        310
  39.3300        326
  39.3494        318
  39.3689        313
  39.3884        338
  39.4079        346
  39.4273        321
  39.4468        345
  39.4663        328
  39.4858        295
  39.5052        313
  39.5247        331
  39.5442        314
  39.5637        306
  39.5831        342
  39.6026        307
  39.6221        317
  39.6416        327
  39.6610        319
  39.6805        306
  39.7000        325
  39.7195        318
  39.7389        292
  39.7584        290
  39.7779        318
  39.7974        338
  39.8168        324
  39.8363        302
  39.8558        324
  39.8753        323
  39.8947        334
  39.9142        342
  39.9337        337
  39.9532        274
  39.9726        338
  39.9921        314
  40.0116        316
  40.0311        331
  40.0505        325
  40.0700        316
  40.0895        318
  40.1090        343
  40.1284        313
  40.1479        270
  40.1674        336
  40.1869        336
  40.2063        306
  40.2258        315
  40.2453        305
  40.2648        343
  40.2842        323
  40.3037        342
  40.3232        302
  40.3427        313
  40.3621        336
  40.3816        328
  40.4011        309
  40.4206        303
  40.4401        315
  40.4595        309
  40.4790        324
  40.4985        315
  40.5180        290
  40.5374        289
  40.5569        334
  40.5764        301
  40.5959        293
  40.6153        352
  40.6348        332
  40.6543        312
  40.6738        321
  40.6932        344
  40.7127        314
  40.7322        343
  40.7517        319
  40.7711        325
  40.7906        304
  40.8101        277
  40.8296        343
  40.8490        356
  40.8685        351
  40.8880        306
  40.9075        322
  40.9269        298
  40.9464        291
  40.9659        289
  40.9854        293
  41.0048        296
  41.0243        322
  41.0438        280
  41.0633        333
  41.0827        295
  41.1022        313
  41.1217        280
  41.1412        304
  41.1606        309
  41.1801        307
  41.1996        311
  41.2191        299
  41.2385        303
  41.2580        332
  41.2775        324
  41.2970        310
  41.3164        311
  41.3359        331
  41.3554        301
  41.3749        322
  41.3943        333
  41.4138        312
  41.4333        350
  41.4528        315
  41.4722        339
  41.4917        288
  41.5112        330
  41.5307        282
  41.5501        289
  41.5696        312
  41.5891        317
  41.6086        288
  41.6280        297
  41.6475        289
  41.6670        313
  41.6865        294
  41.7060        339
  41.7254        304
  41.7449        329
  41.7644        349
  41.7839        300
  41.8033        313
  41.8228        325
  41.8423        336
  41.8618        292
  41.8812        284
  41.9007        311
  41.9202        320
  41.9397        281
  41.9591        308
  41.9786        307
  41.9981        311
  42.0176        304
  42.0370        290
  42.0565        287
  42.0760        299
  42.0955        307
  42.1149        295
  42.1344        300
  42.1539        294
  42.1734        313
  42.1928        316
  42.2123        318
  42.2318        288
  42.2513        291
  42.2707        324
  42.2902        292
  42.3097        287
  42.3292        285
  42.3486        273
  42.3681        280
  42.3876        313
  42.4071        309
  42.4265        297
  42.4460        291
  42.4655        289
  42.4850        288
  42.5044        296
  42.5239        262
  42.5434        311
  42.5629        286
  42.5823        299
  42.6018        288
  42.6213        304
  42.6408        298
  42.6602        298
  42.6797        282
  42.6992        297
  42.7187        298
  42.7381        300
  42.7576        281
  42.7771        290
  42.7966        303
  42.8160        311
  42.8355        318
  42.8550        297
  42.8745        304
  42.8940        301
  42.9134        294
  42.9329        305
  42.9524        283
  42.9719        283
  42.9913        259
  43.0108        283
  43.0303        332
  43.0498        295
  43.0692        260
  43.0887        291
  43.1082        296
  43.1277        284
  43.1471        286
  43.1666        307
  43.1861        306
  43.2056        255
  43.2250        309
  43.2445        296
  43.2640        288
  43.2835        309
  43.3029        270
  43.3224        318
  43.3419        308
  43.3614        310
  43.3808        291
  43.4003        275
  43.4198        286
  43.4393        309
  43.4587        291
  43.4782        268
  43.4977        289
  43.5172        292
  43.5366        296
  43.5561        317
  43.5756        277
  43.5951        304
  43.6145        252
  43.6340        280
  43.6535        278
  43.6730        304
  43.6924        310
  43.7119        310
  43.7314        275
  43.7509        281
  43.7703        299
  43.7898        276
  43.8093        299
  43.8288        271
  43.8482        292
  43.8677        291
  43.8872        269
  43.9067        288
  43.9261        295
  43.9456        283
  43.9651        274
  43.9846        249
  44.0040        289
  44.0235        269
  44.0430        271
  44.0625        252
  44.0819        253
  44.1014        280
  44.1209        288
  44.1404        290
  44.1599        310
  44.1793        306
  44.1988        283
  44.2183        299
  44.2378        278
  44.2572        292
  44.2767        273
  44.2962        260
  44.3157        238
  44.3351        307
  44.3546        274
  44.3741        274
  44.3936        301
  44.4130        280
  44.4325        272
  44.4520        288
  44.4715        296
  44.4909        279
  44.5104        270
  44.5299        268
  44.5494        296
  44.5688        290
  44.5883        262
  44.6078        273
  44.6273        271
  44.6467        268
  44.6662        259
  44.6857        257
  44.7052        283
  44.7246        260
  44.7441        285
  44.7636        265
  44.7831        273
  44.8025        278
  44.8220        276
  44.8415        275
  44.8610        277
  44.8804        244
  44.8999        239
  44.9194        285
  44.9389        290
  44.9583        270
  44.9778        276
  44.9973        273
  45.0168        288
  45.0362        282
  45.0557        268
  45.0752        286
  45.0947        274
  45.1141        290
  45.1336        281
  45.1531        271
  45.1726        257
  45.1920        288
  45.2115        299
  45.2310        263
  45.2505        273
  45.2699        271
  45.2894        267
  45.3089        275
  45.3284        287
  45.3479        290
  45.3673        265
  45.3868        275
  45.4063        242
  45.4258        261
  45.4452        275
  45.4647        294
  45.4842        285
  45.5037        288
  45.5231        278
  45.5426        249
  45.5621        259
  45.5816        268
  45.6010        293
  45.6205        281
  45.6400        290
  45.6595        277
  45.6789        283
  45.6984        277
  45.7179        264
  45.7374        275
  45.7568        292
  45.7763        278
  45.7958        275
  45.8153        271
  45.8347        266
  45.8542        258
  45.8737        279
  45.8932        268
  45.9126        241
  45.9321        274
  45.9516        274
  45.9711        269
  45.9905        253
  46.0100        263
  46.0295        275
  46.0490        245
  46.0684        256
  46.0879        272
  46.1074        285
  46.1269        254
  46.1463        254
  46.1658        272
  46.1853        265
  46.2048        293
  46.2242        279
  46.2437        262
  46.2632        275
  46.2827        275
  46.3021        282
  46.3216        289
  46.3411        293
  46.3606        245
  46.3800        282
  46.3995        255
  46.4190        281
  46.4385        247
  46.4579        257
  46.4774        249
  46.4969        290
  46.5164        246
  46.5359        245
  46.5553        267
  46.5748        283
  46.5943        270
  46.6138        259
  46.6332        272
  46.6527        245
  46.6722        258
  46.6917        253
  46.7111        262
  46.7306        251
  46.7501        282
  46.7696        258
  46.7890        273
  46.8085        275
  46.8280        252
  46.8475        254
  46.8669        236
  46.8864        256
  46.9059        261
  46.9254        259
  46.9448        276
  46.9643        293
  46.9838        235
  47.0033        274
  47.0227        281
  47.0422        243
  47.0617        252
  47.0812        251
  47.1006        269
  47.1201        253
  47.1396        266
  47.1591        251
  47.1785        266
  47.1980        271
  47.2175        254
  47.2370        241
  47.2564        273
  47.2759        240
  47.2954        249
  47.3149        266
  47.3343        244
  47.3538        220
  47.3733        243
  47.3928        253
  47.4122        273
  47.4317        233
  47.4512        263
  47.4707        231
  47.4901        250
  47.5096        237
  47.5291        216
  47.5486        227
  47.5680        234
  47.5875        266
  47.6070        271
  47.6265        271
  47.6459        251
  47.6654        249
  47.6849        245
  47.7044        256
  47.7238        278
  47.7433        273
  47.7628        238
  47.7823        234
  47.8018        258
  47.8212        266
  47.8407        267
  47.8602        253
  47.8797        245
  47.8991        259
  47.9186        254
  47.9381        250
  47.9576        283
  47.9770        242
  47.9965        259
  48.0160        271
  48.0355        234
  48.0549        234
  48.0744        252
  48.0939        293
  48.1134        219
  48.1328        250
  48.1523        235
  48.1718        251
  48.1913        227
  48.2107        277
  48.2302        257
  48.2497        267
  48.2692        261
  48.2886        254
  48.3081        235
  48.3276        238
  48.3471        229
  48.3665        259
  48.3860        236
  48.4055        237
  48.4250        253
  48.4444        244
  48.4639        256
  48.4834        250
  48.5029        245
  48.5223        238
  48.5418        252
  48.5613        254
  48.5808        241
  48.6002        239
  48.6197        264
  48.6392        284
  48.6587        247
  48.6781        226
  48.6976        233
  48.7171        247
  48.7366        222
  48.7560        266
  48.7755        247
  48.7950        235
  48.8145        261
  48.8339        241
  48.8534        252
  48.8729        259
  48.8924        241
  48.9118        254
  48.9313        231
  48.9508        234
  48.9703        250
  48.9898        242
  49.0092        245
  49.0287        221
  49.0482        213
  49.0677        232
  49.0871        224
  49.1066        227
  49.1261        252
  49.1456        255
  49.1650        249
  49.1845        246
  49.2040        260
  49.2235        266
  49.2429        244
  49.2624        245
  49.2819        263
  49.3014        197
  49.3208        240
  49.3403        241
  49.3598        232
  49.3793        231
  49.3987        259
  49.4182        238
  49.4377        263
  49.4572        293
  49.4766        239
  49.4961        245
  49.5156        225
  49.5351        255
  49.5545        232
  49.5740        222
  49.5935        248
  49.6130        233
  49.6324        207
  49.6519        246
  49.6714        233
  49.6909        236
  49.7103        260
  49.7298        245
  49.7493        234
  49.7688        205
  49.7882        234
  49.8077        250
  49.8272        232
  49.8467        247
  49.8661        262
  49.8856        223
  49.9051        234
  49.9246        246
  49.9440        203
  49.9635        242
  49.9830        223
  50.0025        242
  50.0219        222
  50.0414        209
  50.0609        226
  50.0804        236
  50.0998        243
  50.1193        226
  50.1388        242
  50.1583        255
  50.1778        216
  50.1972        208
  50.2167        235
  50.2362        248
  50.2557        228
  50.2751        212
  50.2946        252
  50.3141        246
  50.3336        231
  50.3530        222
  50.3725        223
  50.3920        207
  50.4115        246
  50.4309        208
  50.4504        242
  50.4699        242
  50.4894        254
  50.5088        231
  50.5283        216
  50.5478        239
  50.5673        224
  50.5867        243
  50.6062        225
  50.6257        233
  50.6452        217
  50.6646        199
  50.6841        224
  50.7036        219
  50.7231        223
  50.7425        234
  50.7620        260
  50.7815        250
  50.8010        237
  50.8204        226
  50.8399        263
  50.8594        235
  50.8789        239
  50.8983        222
  50.9178        232
  50.9373        219
  50.9568        208
  50.9762        232
  50.9957        222
  51.0152        223
  51.0347        241
  51.0541        226
  51.0736        233
  51.0931        217
  51.1126        235
  51.1320        218
  51.1515        230
  51.1710        220
  51.1905        245
  51.2099        223
  51.2294        240
  51.2489        218
  51.2684        211
  51.2878        234
  51.3073        229
  51.3268        234
  51.3463        224
  51.3657        215
  51.3852        219
  51.4047        217
  51.4242        216
  51.4437        211
  51.4631        227
  51.4826        237
  51.5021        228
  51.5216        211
  51.5410        225
  51.5605        205
  51.5800        230
  51.5995        237
  51.6189        209
  51.6384        229
  51.6579        230
  51.6774        233
  51.6968        237
  51.7163        238
  51.7358        224
  51.7553        226
  51.7747        223
  51.7942        239
  51.8137        206
  51.8332        224
  51.8526        229
  51.8721        253
  51.8916        215
  51.9111        221
  51.9305        233
  51.9500        227
  51.9695        234
  51.9890        223
  52.0084        211
  52.0279        228
  52.0474        210
  52.0669        238
  52.0863        209
  52.1058        267
  52.1253        247
  52.1448        220
  52.1642        224
  52.1837        238
  52.2032        209
  52.2227        201
  52.2421        226
  52.2616        258
  52.2811        203
  52.3006        226
  52.3200        227
  52.3395        212
  52.3590        243
  52.3785        236
  52.3979        256
  52.4174        214
  52.4369        232
  52.4564        226
  52.4758        191
  52.4953        206
  52.5148        201
  52.5343        219
  52.5537        227
  52.5732        210
  52.5927        227
  52.6122        224
  52.6317        222
  52.6511        216
  52.6706        238
  52.6901        247
  52.7096        234
  52.7290        211
  52.7485        224
  52.7680        208
  52.7875        226
  52.8069        243
  52.8264        238
  52.8459        221
  52.8654        210
  52.8848        222
  52.9043        214
  52.9238        235
  52.9433        224
  52.9627        237
  52.9822        222
  53.0017        229
  53.0212        216
  53.0406        210
  53.0601        226
  53.0796        215
  53.0991        237
  53.1185        210
  53.1380        224
  53.1575        220
  53.1770        233
  53.1964        230
  53.2159        221
  53.2354        282
  53.2549        181
  53.2743        222
  53.2938        212
  53.3133        219
  53.3328        240
  53.3522        188
  53.3717        214
  53.3912        227
  53.4107        226
  53.4301        222
  53.4496        231
  53.4691        224
  53.4886        207
  53.5080        217
  53.5275        234
  53.5470        238
  53.5665        216
  53.5859        200
  53.6054        202
  53.6249        191
  53.6444        209
  53.6638        266
  53.6833        224
  53.7028        195
  53.7223        230
  53.7417        198
  53.7612        210
  53.7807        217
  53.8002        238
  53.8197        229
  53.8391        227
  53.8586        209
  53.8781        244
  53.8976        200
  53.9170        210
  53.9365        237
  53.9560        194
  53.9755        225
  53.9949        241
  54.0144        209
  54.0339        215
  54.0534        212
  54.0728        254
  54.0923        212
  54.1118        200
  54.1313        242
  54.1507        203
  54.1702        212
  54.1897        227
  54.2092        238
  54.2286        216
  54.2481        233
  54.2676        241
  54.2871        221
  54.3065        229
  54.3260        203
  54.3455        215
  54.3650        237
  54.3844        226
  54.4039        214
  54.4234        221
  54.4429        234
  54.4623        217
  54.4818        226
  54.5013        210
  54.5208        217
  54.5402        200
  54.5597        219
  54.5792        201
  54.5987        206
  54.6181        215
  54.6376        195
  54.6571        235
  54.6766        213
  54.6960        221
  54.7155        186
  54.7350        232
  54.7545        196
  54.7739        197
  54.7934        205
  54.8129        227
  54.8324        204
  54.8518        209
  54.8713        212
  54.8908        228
  54.9103        198
  54.9297        226
  54.9492        205
  54.9687        192
  54.9882        227
  55.0076        214
  55.0271        209
  55.0466        193
  55.0661        234
  55.0856        210
  55.1050        204
  55.1245        221
  55.1440        224
  55.1635        228
  55.1829        211
  55.2024        217
  55.2219        182
  55.2414        203
  55.2608        241
  55.2803        224
  55.2998        222
  55.3193        231
  55.3387        234
  55.3582        209
  55.3777        228
  55.3972        218
  55.4166        282
  55.4361        214
  55.4556        229
  55.4751        210
  55.4945        192
  55.5140        221
  55.5335        186
  55.5530        208
  55.5724        189
  55.5919        202
  55.6114        235
  55.6309        200
  55.6503        220
  55.6698        225
  55.6893        197
  55.7088        226
  55.7282        217
  55.7477        206
  55.7672        235
  55.7867        228
  55.8061        224
  55.8256        230
  55.8451        215
  55.8646        236
  55.8840        225
  55.9035        215
  55.9230        229
  55.9425        205
  55.9619        205
  55.9814        214
  56.0009        204
  56.0204        228
  56.0398        245
  56.0593        209
  56.0788        207
  56.0983        187
  56.1177        206
  56.1372        213
  56.1567        236
  56.1762        236
  56.1956        164
  56.2151        196
  56.2346        211
  56.2541        223
  56.2736        195
  56.2930        197
  56.3125        211
  56.3320        216
  56.3515        237
  56.3709        230
  56.3904        211
  56.4099        217
  56.4294        234
  56.4488        211
  56.4683        225
  56.4878        207
  56.5073        220
  56.5267        223
  56.5462        200
  56.5657        232
  56.5852        193
  56.6046        232
  56.6241        202
  56.6436        219
  56.6631        205
  56.6825        232
  56.7020        224
  56.7215        205
  56.7410        223
  56.7604        225
  56.7799        211
  56.7994        214
  56.8189        228
  56.8383        206
  56.8578        223
  56.8773        216
  56.8968        206
  56.9162        229
  56.9357        191
  56.9552        223
  56.9747        218
  56.9941        220
  57.0136        232
  57.0331        211
  57.0526        218
  57.0720        226
  57.0915        215
  57.1110        224
  57.1305        190
  57.1499        187
  57.1694        206
  57.1889        194
  57.2084        236
  57.2278        219
  57.2473        208
  57.2668        219
  57.2863        200
  57.3057        209
  57.3252        205
  57.3447        206
  57.3642        202
  57.3836        233
  57.4031        205
  57.4226        196
  57.4421        190
  57.4615        208
  57.4810        197
  57.5005        218
  57.5200        220
  57.5395        198
  57.5589        209
  57.5784        210
  57.5979        208
  57.6174        197
  57.6368        183
  57.6563        224
  57.6758        208
  57.6953        228
  57.7147        212
  57.7342        210
  57.7537        215
  57.7732        202
  57.7926        232
  57.8121        218
  57.8316        207
  57.8511        211
  57.8705        208
  57.8900        217
  57.9095        224
  57.9290        199
  57.9484        233
  57.9679        187
  57.9874        207
  58.0069        242
  58.0263        217
  58.0458        224
  58.0653        220
  58.0848        216
  58.1042        207
  58.1237        213
  58.1432        226
  58.1627        229
  58.1821        184
  58.2016        210
  58.2211        249
  58.2406        201
  58.2600        209
  58.2795        224
  58.2990        191
  58.3185        199
  58.3379        234
  58.3574        183
  58.3769        210
  58.3964        219
  58.4158        216
  58.4353        215
  58.4548        191
  58.4743        226
  58.4937        190
  58.5132        233
  58.5327        206
  58.5522        222
  58.5716        215
  58.5911        233
  58.6106        174
  58.6301        197
  58.6495        210
  58.6690        203
  58.6885        201
  58.7080        196
  58.7275        204
  58.7469        196
  58.7664        218
  58.7859        188
  58.8054        208
  58.8248        217
  58.8443        225
  58.8638        211
  58.8833        222
  58.9027        178
  58.9222        222
  58.9417        225
  58.9612        202
  58.9806        223
  59.0001        220
  59.0196        182
  59.0391        235
  59.0585        222
  59.0780        242
  59.0975        220
  59.1170        231
  59.1364        194
  59.1559        199
  59.1754        212
  59.1949        230
  59.2143        208
  59.2338        211
  59.2533        201
  59.2728        203
  59.2922        198
  59.3117        216
  59.3312        211
  59.3507        245
  59.3701        226
  59.3896        214
  59.4091        200
  59.4286        203
  59.4480        199
  59.4675        203
  59.4870        195
  59.5065        213
  59.5259        190
  59.5454        218
  59.5649        195
  59.5844        230
  59.6038        202
  59.6233        236
  59.6428        217
  59.6623        200
  59.6817        213
  59.7012        199
  59.7207        201
  59.7402        201
  59.7596        205
  59.7791        220
  59.7986        201
  59.8181        207
  59.8375        222
  59.8570        222
  59.8765        204
  59.8960        225
  59.9155        231
  59.9349        205
  59.9544        190
  59.9739        210
  59.9934        201
  60.0128        209
  60.0323        218
  60.0518        188
  60.0713        223
  60.0907        218
  60.1102        202
  60.1297        214
  60.1492        170
  60.1686        206
  60.1881        205
  60.2076        206
  60.2271        210
  60.2465        216
  60.2660        183
  60.2855        207
  60.3050        203
  60.3244        192
  60.3439        242
  60.3634        206
  60.3829        185
  60.4023        203
  60.4218        223
  60.4413        195
  60.4608        201
  60.4802        189
  60.4997        201
  60.5192        217
  60.5387        210
  60.5581        199
  60.5776        207
  60.5971        178
  60.6166        222
  60.6360        179
  60.6555        191
  60.6750        199
  60.6945        182
  60.7139        185
  60.7334        177
  60.7529        207
  60.7724        233
  60.7918        201
  60.8113        219
  60.8308        199
  60.8503        193
  60.8697        200
  60.8892        194
  60.9087        218
  60.9282        204
  60.9476        209
  60.9671        209
  60.9866        189
  61.0061        200
  61.0255        188
  61.0450        196
  61.0645        198
  61.0840        217
  61.1034        211
  61.1229        212
  61.1424        216
  61.1619        240
  61.1814        223
  61.2008        211
  61.2203        204
  61.2398        188
  61.2593        220
  61.2787        210
  61.2982        211
  61.3177        229
  61.3372        229
  61.3566        210
  61.3761        219
  61.3956        193
  61.4151        200
  61.4345        206
  61.4540        192
  61.4735        180
  61.4930        200
  61.5124        188
  61.5319        225
  61.5514        225
  61.5709        194
  61.5903        208
  61.6098        209
  61.6293        221
  61.6488        186
  61.6682        214
  61.6877        208
  61.7072        212
  61.7267        236
  61.7461        196
  61.7656        220
  61.7851        190
  61.8046        207
  61.8240        238
  61.8435        223
  61.8630        233
  61.8825        225
  61.9019        212
  61.9214        206
  61.9409        177
  61.9604        199
  61.9798        174
  61.9993        220
  62.0188        206
  62.0383        183
  62.0577        206
  62.0772        208
  62.0967        194
  62.1162        209
  62.1356        214
  62.1551        198
  62.1746        188
  62.1941        187
  62.2135        225
  62.2330        226
  62.2525        223
  62.2720        194
  62.2914        206
